55
344 -128 -33 -130 749 -331 -315 -265 -36 308 207 545 -102 211 304 -142 -111 -150 -215 333 247 18 272 103 -555 32 -131 215 117 -307 186 -193 253 243 8 -478 -234 527 -161 159 -78 302 238 271 -379 -109 4 114 308 -332 496 75 -100 -440 9 
422 -279 -277 149 593 -106 169 292 582 334 -196 364 296 29 -281 -393 90 -98 -165 140 -537 -123 59 -518 -254 379 -350 316 178 -86 -352 146 433 -332 -38 -149 156 346 271 -396 452 92 440 -191 -182 -15 -76 55 -42 -233 -203 -33 -305 351 70 
436 -62 158 54 -313 830 39 226 24 132 -139 131 251 -220 307 -76 -61 366 -288 -338 8 213 -711 127 -649 30 352 46 -148 459 -367 -153 281 11 -88 14 -276 -79 61 163 112 -372 505 213 204 -380 28 164 198 516 -122 0 -292 304 51 
-707 -95 -69 -96 -96 -702 -214 95 -153 -149 312 -173 243 182 -736 -79 216 172 444 -373 -408 5 1 -381 657 -45 88 -305 -56 -321 415 359 328 -249 15 -173 343 24 499 -93 441 185 47 -8 -39 -212 -552 167 -265 -258 -163 -323 -342 78 -113 
75 -366 -369 388 181 94 -183 544 -481 112 338 -190 299 -229 436 -243 463 117 -14 -440 -130 -31 194 -46 -279 -216 -159 60 -136 38 237 -177 638 -324 -475 -156 -102 272 398 448 56 -277 856 -291 -57 90 -55 83 452 359 -18 29 -286 346 -139 
-191 -92 -324 539 187 -367 -31 984 -172 173 224 70 189 -399 -279 21 408 -153 -63 6 15 -311 47 -358 12 -118 330 278 -213 -256 590 118 516 262 -45 -30 392 54 -342 367 -100 282 405 -316 -29 112 30 51 -222 130 -84 -8 -602 239 -135 
456 205 -367 -164 -10 493 -829 -532 -823 266 -18 -355 346 -311 418 -72 -142 462 137 106 697 -89 -29 405 -385 115 138 -214 226 39 -185 -47 -214 -106 -2 194 -391 529 -126 81 -201 -265 -311 243 566 -52 247 -138 637 226 489 164 18 -220 62 
-100 -443 -216 542 251 -196 313 384 477 413 355 -97 253 -323 201 -166 216 51 -350 -62 -238 -394 44 -332 -403 -149 -623 560 71 664 247 -244 296 400 103 122 476 272 -113 72 -416 26 194 -216 -497 49 -221 281 311 -362 172 -382 160 103 228 
165 -103 -492 -44 420 31 -262 -525 -126 431 288 -378 23 28 116 19 -391 406 218 -172 -450 98 774 405 -236 72 -454 405 96 -59 386 -134 -346 93 -63 393 -254 117 149 -102 -65 -133 -299 -88 108 76 150 315 661 92 793 -502 363 -462 -351 
101 -309 -137 -167 113 464 219 397 630 544 -494 -49 -169 678 157 46 -199 -493 -580 -121 -725 62 451 -106 71 380 -74 121 22 112 -275 115 -158 -660 -387 -216 -345 -552 707 -32 225 60 172 -541 -15 175 421 121 -138 290 -109 -63 -14 -176 -188 
210 -10 37 -423 399 -8 243 300 -96 400 2 369 74 279 378 -327 228 -441 -68 30 429 183 378 -502 -834 235 -200 152 -27 60 -770 -318 469 -856 -707 -264 -394 596 596 427 389 77 271 28 35 185 -84 111 427 111 -229 109 -271 -78 411 
-166 24 234 -430 -275 -186 -387 515 514 -390 -152 514 -129 -211 -536 -334 453 -144 20 8 -67 2 -121 -378 -94 518 421 -277 79 269 -644 343 371 -403 -351 -135 256 372 4 340 739 -311 33 152 334 -64 49 73 -284 -147 -333 205 -736 -162 213 
442 456 141 524 841 -386 -179 -390 47 -96 -271 159 463 -251 -224 -186 -359 -107 87 821 18 -296 -201 -357 50 242 -72 459 -336 -543 -1 39 99 457 402 193 70 -253 -332 -566 76 653 -204 -26 -130 -81 193 -250 -454 -1019 -62 434 44 326 -240 
-37 -379 789 -468 -598 -93 490 -66 -139 47 -281 -6 -231 94 72 56 467 247 66 -491 175 245 -775 -217 -57 -170 28 -627 48 317 -292 -249 166 103 -48 -422 -237 375 64 46 578 -319 347 124 293 375 -276 322 -275 451 -423 -388 -46 62 207 
-178 73 273 -329 153 -56 531 128 214 260 565 -199 19 279 -202 -52 -401 -221 -163 -63 -454 151 125 -237 -384 497 132 -37 -513 268 -148 7 428 -350 51 194 7 -540 577 -254 394 -36 259 -182 -502 -962 -112 32 124 73 -91 -561 -310 326 -212 
-213 17 -285 -551 372 -310 212 -398 28 1051 448 -648 532 159 -405 84 -188 104 54 -63 -595 -515 206 -493 126 74 -829 -195 25 -65 204 -14 283 -277 -209 -110 55 48 292 -20 307 277 -338 -217 333 -239 -24 816 278 -94 171 -439 320 -294 -154 
161 5 534 356 31 -555 661 -368 16 -276 -162 -269 -271 -524 54 -64 -178 -110 293 369 -125 -37 -188 -612 600 246 -390 198 -211 597 -429 -271 242 -309 281 149 129 -361 43 -674 -98 101 -44 -146 -430 284 450 -357 -533 -330 -396 -536 395 644 437 
-224 283 -340 232 -4 375 -1001 396 -76 332 17 -152 389 -405 141 104 -199 158 -389 -740 -236 -231 91 425 69 -210 593 -175 -192 -306 180 153 107 157 -719 -198 -142 -93 200 621 -191 18 493 41 365 -442 -426 -109 523 123 282 -20 50 -281 -536 
151 -556 73 -425 -3 153 208 -53 -20 384 -111 -161 -395 305 217 99 -176 58 -294 306 -364 434 251 741 -724 254 17 -68 319 412 164 -56 -157 334 152 -177 246 246 -394 -75 168 -64 161 -396 354 250 616 604 -168 478 130 240 100 -164 -305 
268 -148 531 -53 -385 -256 152 333 697 -577 -172 -182 -564 86 -335 -163 553 -117 -166 -259 -216 -194 -374 125 401 -79 -91 108 59 361 456 174 -403 1259 314 -88 48 -107 -467 89 -453 -12 -127 -4 -313 -17 -429 -294 -237 -323 443 -132 131 -262 72 
-64 -338 175 -480 345 59 660 132 -532 -290 347 -332 -491 354 -420 81 385 238 883 -398 -638 358 310 354 -331 371 -191 -358 210 -584 306 145 116 -433 38 80 -90 78 93 -213 667 -193 522 -377 44 91 -119 49 586 409 -96 187 252 -7 -431 
286 -206 -793 464 -271 75 -130 -257 -267 -152 304 -782 500 207 -743 -219 343 653 -18 -182 -616 -203 394 202 484 7 -581 -95 -185 335 433 323 -386 275 158 787 391 -177 -10 -208 -27 -385 -477 -320 -72 -143 -587 -176 -49 -46 157 -41 -499 265 -356 
-293 264 221 -369 -903 -243 125 -401 -290 -296 -332 -202 -386 277 467 180 -213 140 5 275 991 304 -21 333 -543 134 417 -248 295 20 -547 27 -331 145 262 205 347 733 -356 -335 132 -515 -638 106 157 -315 -212 -1 11 240 -306 -420 59 237 -321 
223 -219 -18 40 -413 115 483 -280 2 636 21 285 -142 151 249 240 -53 297 -250 -813 -319 721 39 381 -767 79 303 -102 -59 314 -509 -235 258 -51 -288 56 247 5 584 -296 -184 -77 117 -9 -382 -45 -549 278 211 106 -111 -1124 97 188 -289 
-433 -477 -495 819 -100 -221 -169 564 -721 113 83 -214 389 137 264 140 293 767 76 -279 -54 12 -303 -692 -144 -122 9 476 -112 668 510 93 337 -197 178 -533 121 240 233 -394 -115 548 742 -29 -162 -31 -160 197 -219 -291 -155 -29 78 213 263 
150 -83 437 -538 421 196 -676 -169 -777 -225 -55 -699 500 229 509 -75 -150 -243 -151 11 67 -175 -337 330 -171 -108 93 -38 232 103 532 89 335 128 -53 -507 -239 187 256 563 -60 131 221 -191 201 -419 564 248 11 136 557 4 -543 -483 -425 
-642 -531 -103 158 -435 -216 48 313 441 -85 -124 467 -36 173 -275 -4 305 43 -235 281 157 169 -394 -647 -258 381 890 -352 370 -66 -218 558 -251 -75 501 27 364 202 -64 -409 114 239 -156 204 439 118 392 29 -367 124 -335 593 114 -77 754 
-982 513 -106 -533 281 351 286 -16 -174 540 267 -558 -27 488 159 282 -273 -167 176 -205 -172 -99 506 -24 360 -411 -385 -1 226 -530 134 143 -18 -417 -165 117 276 -67 329 -123 -54 101 -183 -352 -121 -600 -576 364 671 55 -447 -345 -86 -391 -395 
-406 20 -501 -325 215 159 -181 286 484 251 286 -210 70 95 60 -190 -28 211 112 -165 -437 224 -403 66 421 -431 -492 449 430 455 498 449 282 -159 -191 -379 277 -49 355 -88 -83 130 1150 13 -195 -560 -225 402 -308 108 -20 453 185 148 62 
175 659 -478 -252 -395 288 538 168 736 107 -408 565 -110 570 -30 335 -449 -314 305 -196 356 134 -211 -50 -450 69 297 -184 129 -433 -63 285 -243 -235 -86 -74 -572 -396 151 -244 -118 114 -76 287 -306 24 -453 19 -362 398 -524 294 468 220 123 
21 333 28 -25 541 357 383 -282 -104 440 343 117 296 10 397 3 12 -2 -474 707 432 -163 -268 -331 315 27 -222 163 -409 708 -92 -209 140 428 422 -452 367 -230 -621 -267 -273 334 94 404 -333 -685 365 -215 -369 -373 162 587 -52 240 261 
-1 -2 -56 -392 2 103 -200 43 28 55 299 671 -61 781 -502 29 -142 226 -76 -94 -445 222 379 35 -58 -73 -107 73 -109 -84 -140 468 -185 -183 -32 349 337 496 232 -233 256 483 -257 -216 347 -538 97 175 -65 -415 106 417 -436 -541 -48 
370 -151 -181 236 329 -583 -277 -93 -96 350 -100 276 18 -608 426 -57 497 -32 -143 350 481 454 -76 62 -757 -11 496 163 111 -483 -241 -511 612 298 -189 -337 -19 471 -252 820 153 -21 294 364 251 333 960 209 -148 346 -418 276 59 416 -352 
157 236 -43 -123 216 -309 -456 758 368 -533 -862 307 -342 -131 -614 -22 -169 -501 -69 634 -210 -779 -3 -300 667 313 89 723 56 -465 -677 175 -117 112 -362 -101 191 -340 -178 -130 341 56 101 -214 7 111 68 -142 -430 -373 251 -76 -228 -56 -191 
-48 8 -695 473 410 -123 142 271 406 230 -411 -258 -37 603 -29 78 164 49 -237 -107 -688 -479 -176 -636 482 -70 65 267 28 -326 533 341 132 286 -307 114 92 -231 607 -512 45 468 289 -161 -420 1 114 348 -289 -457 119 39 -284 -484 -441 
465 307 -102 459 919 224 331 -455 -148 -36 -38 4 245 -296 -202 -41 -93 -431 -89 330 70 21 -177 60 -102 -58 -723 -148 393 -124 -37 375 487 -84 210 -85 69 143 -6 -489 -161 155 565 -52 -696 -62 -660 -399 613 -619 -281 410 -592 221 150 
330 -590 -200 -81 -127 37 -509 -69 -392 503 -19 -404 69 -56 598 -470 180 -144 -127 272 460 -103 224 130 261 -312 -167 558 -151 232 92 -247 -372 -114 -172 428 -105 -313 143 464 -628 -1 20 -114 11 120 648 116 76 -115 284 -409 39 -139 449 
-214 8 571 613 -6 85 161 -148 -359 196 -180 -306 321 -46 -124 305 -292 56 -57 228 584 201 -544 -361 -142 530 847 -419 -548 576 -133 213 391 -247 60 4 291 -260 -185 3 -86 -45 141 172 202 -208 -275 3 165 60 -327 -498 -584 162 174 
309 -817 -511 487 265 -327 -151 -690 836 254 -469 -4 72 589 272 205 -619 -546 -367 657 -728 374 68 323 -184 129 -395 264 10 66 161 -194 -302 428 264 297 -34 -308 720 -488 196 -68 118 27 -439 625 153 393 -75 -59 34 -141 317 17 144 
103 -54 -25 -614 401 -232 138 -35 -314 513 -110 172 402 163 -499 248 -394 -243 -533 362 -414 24 235 247 -325 306 116 -358 344 -609 -70 -676 -74 287 -38 -158 407 265 -69 -202 760 55 -142 146 167 -192 459 122 -349 439 -175 105 -818 137 -676 
599 11 -135 457 -94 359 237 -125 -387 -266 -257 -454 -63 -258 426 192 -466 -13 -170 -106 77 409 -55 92 -118 339 214 272 -61 759 -513 157 112 16 60 277 585 229 -63 188 -723 268 -459 89 211 -429 -236 98 437 -39 277 -238 160 -27 541 
-135 41 262 225 -220 -28 288 169 131 183 -180 -85 -465 431 205 122 247 -765 108 105 255 151 -32 805 -318 -29 132 -46 401 56 950 239 -475 471 350 52 175 -180 -392 -109 58 -476 -54 -127 -266 93 379 170 -89 140 155 -225 -706 -225 -628 
197 -294 -241 -104 320 -17 -205 603 190 -209 334 -166 -89 -556 -151 -56 821 157 -262 -86 415 -539 -263 -309 -625 318 -133 -55 -58 828 -229 180 526 203 116 319 -49 -199 -496 454 -385 -17 225 32 -303 -120 515 -55 -212 175 153 -198 73 -59 496 
136 52 97 463 -166 169 -293 -37 -183 151 59 378 -201 8 -136 219 230 197 394 -93 -311 281 -450 -161 -78 88 102 582 -30 -131 633 -35 -250 819 698 -509 115 154 -309 -691 -298 -48 302 148 28 103 -209 740 -132 -283 274 -330 -302 102 -257 
-51 16 35 -500 -18 344 87 -53 556 -1192 97 -470 -364 19 159 -736 229 -84 -353 118 -447 -23 -198 -298 308 225 -649 -233 252 203 129 207 -277 -518 208 551 -59 -363 175 -217 387 -474 391 -304 -9 -223 286 -361 -314 -338 -408 352 -195 312 220 
540 -496 409 91 167 54 -814 -215 -966 -98 -272 8 -13 -334 304 -370 -169 225 -329 -711 258 -87 278 262 198 -315 109 -310 -298 -117 -485 -184 -214 -318 -67 -199 -490 254 186 -391 665 98 844 119 400 -116 -186 -395 33 263 73 -36 -496 -109 -264 
282 -258 -124 -721 81 68 419 -365 255 -30 455 198 -323 -212 245 324 -42 212 -338 241 -175 -406 217 46 262 6 -723 509 50 555 167 -240 -163 -129 33 198 101 16 -234 -291 -120 -374 179 146 20 -272 14 -83 540 390 629 -350 -82 -393 562 
-285 117 -305 298 -368 -47 387 476 369 416 -710 -560 303 556 287 105 -498 -576 262 378 606 -302 81 -274 210 -45 319 -292 -331 33 -176 -45 -332 204 493 278 574 -4 94 -496 -128 -203 -667 -638 -119 77 371 -215 -83 53 -654 349 -16 99 -83 
-48 360 43 177 362 -134 -49 309 508 -81 424 -74 -341 -268 69 121 -168 -187 -67 150 -243 -408 -44 -563 673 63 380 423 110 857 298 55 60 398 347 233 315 -1 -307 -19 -650 307 213 127 -177 -674 -52 -692 -162 -56 292 -111 329 -368 -192 
-51 63 -238 0 -450 -36 -34 391 -502 -98 51 -319 -662 63 -368 478 326 66 317 -307 235 -202 88 -179 43 5 304 152 276 128 287 494 161 -509 -122 253 200 -503 166 724 -599 155 -226 -1090 -227 -130 446 -223 -208 583 -305 288 -468 353 -141 
407 110 -252 -140 522 526 39 -72 -344 186 -246 -1011 -351 -215 -14 -75 39 48 258 70 -406 -66 21 603 55 -119 -629 -1 82 -555 441 176 -36 -204 -107 -91 -22 512 -352 -393 -7 -389 -75 -544 91 41 -732 54 363 530 -443 138 368 187 -277 
125 -316 -300 295 129 35 -165 -305 -871 78 274 -378 716 438 46 -21 -547 -31 -105 -1 333 573 61 509 -221 296 -110 347 343 80 440 18 47 -245 -83 -213 200 476 131 33 -351 129 -287 -55 -417 109 -462 -128 314 458 362 -22 -112 -272 -93 
15 -519 -533 -176 -228 -181 -191 54 -363 -372 -558 -595 31 -16 -264 -558 611 -420 557 -65 83 124 241 -153 342 192 -603 74 -69 -163 -335 240 283 -129 -357 -284 520 189 546 124 556 114 80 -464 155 673 -488 -286 -308 -505 -466 443 -91 296 -216 
-367 97 309 339 -321 489 473 27 -87 90 -634 -124 -49 -279 955 -143 376 -195 -64 134 226 -354 -930 -300 -308 -495 -147 215 -47 625 -234 -2 -11 147 129 -386 148 -789 113 221 -223 -52 285 -709 -434 399 263 158 -416 203 -638 -88 16 274 -193 
263 760 -107 261 616 6 515 617 316 676 -593 -290 218 179 -25 323 96 -533 114 469 14 -511 161 -340 -192 657 75 181 -11 54 144 522 737 -42 47 353 293 -240 327 -39 -123 867 -76 -371 -115 -285 390 -317 -10 -109 -80 51 168 177 -138 

