[ [-258 -291 120 542 18 -168 -169 279 -364 80 -226 87 -438 140 -609 435 -509 -122 -254 92 -153 -53 -617 -6 246 66 -204 -296 455 199 90 -337 132 46 27 -181 -138 -63 52 257 -333 225 60 -53 -219 148 48 208 -643 471 -81 45 -192 178 131 249 ]
[-655 219 46 332 258 -134 -179 217 -42 -446 -69 -472 -100 -170 -260 -20 -497 382 -256 -55 326 -281 -435 -41 -32 -333 313 -320 131 181 -190 -388 -603 23 -456 393 72 -118 -372 92 81 319 22 -211 387 -127 179 -142 -109 498 -223 -34 330 410 -236 -203 ]
[164 -5 -292 -52 -19 -506 244 -43 -335 255 -406 -428 196 -325 -129 865 74 126 -386 -183 11 -126 -555 510 -176 -641 222 -72 -114 151 -22 -46 -15 -226 -261 -96 108 -53 -282 -116 228 -113 178 465 12 -221 -53 -487 91 486 -275 143 202 136 -108 -289 ]
[118 266 228 -85 -174 89 465 -11 -124 -430 92 -261 -84 215 -90 365 248 -318 -198 -51 675 -173 -374 17 -701 -667 -72 213 83 310 313 5 313 -347 518 -254 164 287 16 189 191 6 223 164 221 264 -422 -3 323 -140 238 99 257 -147 -125 -249 ]
[248 -539 381 -191 -552 -2 271 223 -229 54 -34 -102 -254 293 -549 392 -96 -691 -265 -80 392 536 -689 134 -308 -74 -123 -330 -771 82 -56 -244 117 -207 133 -191 161 155 -72 -20 375 7 61 -167 -364 53 -351 150 -41 -48 207 365 -431 -71 291 -157 ]
[-199 16 114 818 329 166 251 -77 -414 191 -300 181 -532 -453 -17 -102 -540 215 86 31 -5 -29 -29 -455 657 154 153 85 214 422 351 224 172 290 386 298 -382 26 3 146 -361 58 491 216 -391 -38 431 138 -607 -59 427 -250 134 -131 -279 478 ]
[-222 -40 -210 -32 181 453 -549 -212 696 -390 272 81 352 296 -149 -176 539 438 -146 430 160 -625 309 507 25 -110 536 -183 387 102 -245 37 -579 -206 -126 204 -35 146 221 1 182 -435 -484 182 354 20 -38 253 423 453 165 -37 -103 -32 67 40 ]
[89 -363 -10 0 -292 -230 145 -148 -199 -527 -146 -529 41 -137 357 146 316 -141 -162 -131 284 -688 -150 79 -287 -671 656 -10 -645 481 392 288 -668 62 -149 58 92 -192 -484 -279 508 -488 553 462 -130 324 490 -15 80 270 147 -5 435 -72 -309 80 ]
[243 467 -8 209 178 -138 -755 285 -22 404 134 -47 -211 163 247 -132 -311 143 434 132 -252 411 215 -110 356 762 -225 264 112 -497 -255 393 -4 93 -175 -162 -217 146 426 51 -639 331 -210 -286 -393 107 -280 -251 214 527 -44 -153 -378 286 -87 -76 ]
[113 -804 111 11 -368 493 -552 289 681 -194 35 350 -15 216 -957 26 55 347 -60 -36 -620 324 377 -402 218 -21 33 -507 -70 -239 -234 -536 -339 -120 -421 252 -69 -357 214 -376 -40 -367 -365 63 4 -211 -35 541 -331 -87 126 -9 64 -23 258 411 ]
[32 133 279 -370 274 276 -637 280 152 -510 274 315 153 471 -891 -164 -56 -65 -71 -43 -211 108 92 -200 75 147 -217 -105 502 -442 4 185 27 -189 62 387 -247 -381 157 179 -130 -225 -706 0 215 447 -485 66 482 -340 424 97 3 270 -134 -123 ]
[-125 -578 -102 -433 -671 303 249 -70 250 -56 152 -271 25 74 124 181 722 -243 -177 117 146 -226 -194 369 -815 -401 339 167 -473 516 157 -494 -105 -438 -224 -143 -2 37 85 330 392 -140 517 198 49 259 -449 357 -362 -300 -360 -165 -14 -399 -136 -350 ]
[231 45 106 271 -288 7 -146 -157 131 -42 -302 -461 246 -253 325 -28 -64 770 -142 411 432 575 197 618 -70 14 686 -233 -372 281 179 -445 -471 -665 -705 303 32 133 -70 -386 99 -136 -138 153 -35 -400 -78 -241 507 641 386 -143 -451 -152 -77 -332 ]
[123 149 297 -75 654 -57 494 -275 -228 -132 122 -292 572 -169 266 -174 -228 140 -255 -227 596 221 -142 -25 -342 -724 -162 -53 -98 -303 472 -500 422 -613 -234 619 349 10 -366 -28 324 241 -11 285 871 273 63 -484 555 -306 21 236 643 41 -41 -432 ]
[-88 355 -443 261 169 98 328 -201 -207 -62 -638 20 -293 -542 377 503 101 -50 -211 334 121 104 71 776 -46 -129 152 196 496 457 -7 -370 -51 -8 -201 -148 -224 -177 -530 352 144 -211 44 -45 -93 72 187 -195 112 334 512 -204 -158 -42 -555 -615 ]
[-506 617 -25 -286 -365 -159 -202 225 751 -320 354 -97 -253 484 -161 -108 -22 -169 77 -122 35 -397 59 -778 56 0 -167 14 218 -165 -155 -215 160 -353 -6 -181 -257 340 549 316 -463 -8 103 -127 283 -476 -502 107 -110 -264 -458 -357 -42 59 -35 311 ]
[118 -80 267 317 88 367 -192 188 -82 406 -67 599 -300 -102 -716 100 153 -225 293 170 133 -161 -712 621 42 389 -190 -366 440 340 -490 428 394 320 796 533 -144 207 -140 151 -358 -103 -180 201 -767 105 -397 219 41 -286 337 271 -457 -198 302 -85 ]
[270 356 234 -312 -273 -191 -357 880 -278 -16 338 -323 171 -110 -106 243 32 464 22 -99 602 -203 -492 77 -706 -239 -274 397 129 -464 -168 -13 160 -183 -377 613 225 282 335 449 -209 234 -291 270 63 178 -775 -382 -93 127 -610 -42 396 330 108 -762 ]
[-582 183 201 880 -320 485 -578 592 -124 -363 -84 -183 -305 -207 740 222 -281 352 263 108 788 -375 -244 -45 -381 -211 314 301 89 537 204 24 -367 255 240 312 -230 -70 -164 404 -194 354 776 -379 -209 447 507 403 -335 282 151 -307 372 -501 -226 -482 ]
[-112 -154 229 -394 -624 -248 612 -53 -310 -53 112 -40 -215 145 -227 -382 -374 -36 -405 -82 -65 582 408 -127 -149 679 -151 235 44 287 205 -178 234 118 -432 -84 -162 151 396 579 -491 -241 -131 35 99 84 -42 -247 -533 -898 467 -214 -340 -74 -184 9 ]
[30 421 99 -54 3 -612 397 189 256 -502 -4 -898 479 69 96 226 315 349 284 201 800 89 -162 719 -623 83 443 -1 -165 127 70 -507 334 -343 -60 297 626 347 18 33 52 42 -458 -34 201 -366 -594 -277 494 527 -564 -110 -284 339 357 -412 ]
[-353 658 -100 285 -340 400 577 -173 241 -35 247 1022 -428 -566 188 -403 -32 33 -8 519 34 -450 -207 -312 301 352 -46 72 550 856 100 -361 173 291 -50 76 -281 498 422 416 -190 147 -106 257 96 -494 -282 23 -556 -269 209 -111 -241 -277 -130 674 ]
[483 537 -63 494 687 794 -377 -207 154 -684 652 -90 296 437 -97 -103 257 108 232 238 84 26 114 383 -26 -138 81 188 773 -117 386 209 2 -83 37 32 -84 -155 277 84 -10 -98 -832 -459 281 598 -41 -109 69 836 465 28 32 299 188 71 ]
[-256 -808 -32 -106 -388 -64 -351 86 -281 -162 233 -156 435 434 -408 825 466 -300 -201 -313 287 195 -488 314 -813 -276 318 -106 -18 288 343 -205 153 -418 -26 -36 264 -276 4 143 534 -255 -80 -297 -450 13 -95 39 -646 391 -280 200 92 -85 605 -230 ]
[-474 -665 94 344 215 -318 590 -72 -354 -278 376 100 -22 -159 -233 -291 168 -173 147 -128 -261 -403 -406 90 163 30 -20 -163 -139 851 63 -123 72 593 751 -262 193 -536 241 299 -51 411 131 -131 57 315 -268 812 -428 -340 -599 -64 -635 200 20 230 ]
[-361 39 -36 -366 -700 193 -972 435 574 -362 137 297 211 79 32 -538 97 -74 -182 655 276 -967 -358 0 -64 637 598 -496 -592 -383 -711 -113 -830 277 -110 214 -135 491 -61 90 -106 466 10 -338 -117 -196 -297 556 -144 328 -413 150 -78 -245 438 -87 ]
[147 -170 -110 440 -16 -84 287 -166 78 372 -272 -15 -249 259 -175 598 486 -457 256 39 -271 -365 115 47 162 -349 411 -387 -347 399 -420 394 323 70 587 165 -570 -142 42 -49 -600 -1037 648 241 -636 -393 156 9 -356 -49 302 -78 -643 -122 295 -52 ]
[-29 1211 -77 -180 227 -143 -250 -152 217 -210 -59 -341 437 -64 275 147 -220 -189 182 -134 552 -636 -406 393 -286 -488 352 -49 433 -110 372 174 268 -70 181 124 362 -37 -400 -209 390 186 -36 283 412 -573 199 -296 601 -272 -498 -44 478 74 -250 369 ]
[-56 728 314 365 44 -617 89 -178 298 -574 -223 239 17 58 -97 -349 403 -39 258 629 198 -110 455 -53 -201 161 230 -262 159 37 -120 -7 1003 -626 704 -358 -259 -61 486 -122 -504 62 -271 220 214 -244 -712 265 696 -64 -39 -151 -720 -184 210 139 ]
[581 -327 -104 -476 -57 607 -591 -106 -191 372 202 -208 -5 257 -25 -400 -344 -212 -107 323 -282 609 -476 208 14 304 -295 -233 -97 -296 -46 -359 -151 150 -410 -777 242 92 177 -165 -488 371 228 -236 212 329 -359 -6 -46 527 -77 170 -435 401 15 34 ]
[-11 170 -55 88 -928 224 352 504 34 135 -539 212 -633 -574 -99 544 -488 199 282 18 533 731 -463 150 -169 -109 -371 279 -246 -219 -349 221 584 692 18 15 398 677 163 -25 -45 196 131 -15 186 -571 263 66 254 -309 -6 186 265 -615 -200 72 ]
[343 41 -455 -270 91 319 373 -66 731 775 66 -132 142 449 -148 626 173 -89 32 -76 1140 384 -96 945 -45 185 277 444 -1004 47 -406 113 -46 -137 584 -508 95 734 430 251 869 188 -23 175 227 247 -39 -334 684 389 -28 371 146 -497 134 -273 ]
[-156 316 183 -506 595 -268 -420 203 -832 111 -203 -368 873 -301 630 -29 -506 354 -152 46 -175 -169 408 15 269 704 488 188 -215 -494 503 326 -309 -16 -45 540 371 -634 -315 -78 -2 808 -342 -381 456 126 196 261 -16 -233 -170 -164 31 74 -110 -72 ]
[303 -85 53 113 90 -613 490 123 -104 462 -462 245 -122 41 -406 455 -321 -56 149 179 142 552 -203 42 904 1414 354 -126 -671 45 319 -74 157 -185 125 -222 63 485 20 -348 -610 655 -183 195 -244 -470 -225 -278 -25 204 83 260 -376 -23 476 94 ]
[-5 -590 -305 313 568 -321 -396 108 -78 300 272 -474 -303 225 -698 202 146 -160 -511 227 -237 133 -260 1068 569 286 486 -107 89 -234 -734 -42 -7 665 -253 -189 54 58 641 387 52 175 -808 -110 -126 9 58 -147 -43 286 -210 -66 -629 423 121 -339 ]
[162 -242 207 -386 -236 18 -573 227 -583 126 -320 241 505 214 -109 232 305 -317 -553 -213 375 -211 32 316 -668 -40 -304 -107 -191 -727 319 -103 242 -646 -532 -25 -62 -67 -73 -97 4 -200 417 531 -68 587 -230 44 -35 -537 126 198 120 126 -172 -865 ]
[72 -290 3 -6 753 -111 -449 269 -112 -223 -223 -279 -237 -232 -760 269 -294 -108 104 332 -257 -377 -283 59 -319 -245 53 -424 378 -431 -508 -73 517 -143 -45 538 131 10 73 321 -321 -165 -157 246 433 -152 282 -322 -353 33 -506 -139 330 429 241 112 ]
[-16 -50 391 147 149 -414 32 418 132 543 -60 328 54 644 -576 -62 -210 177 -97 18 -707 61 222 -397 271 1093 -168 -243 729 -535 -291 -233 736 512 423 69 35 -69 251 -311 -441 190 -274 107 -115 -431 -165 42 -288 -530 363 443 -67 584 383 512 ]
[433 -309 318 394 -403 148 -336 15 -67 -222 61 427 -177 616 -225 585 800 233 65 199 -694 -187 384 6 107 -323 -21 -420 731 399 312 11 232 59 206 -41 149 -228 8 -380 -435 3 -315 251 27 172 207 596 -484 284 -221 188 -64 -771 961 307 ]
[-513 1016 -48 -26 367 416 -60 -142 -289 -220 -63 -344 -437 -539 269 -300 338 696 73 -449 -226 587 67 260 -323 -398 -249 42 752 190 -568 710 -159 -244 -245 549 -392 -572 -185 -351 -620 -102 557 -105 640 151 -64 -392 117 -910 364 150 -50 143 -688 -974 ]
[-661 -599 214 -112 328 540 -55 447 -263 140 -372 -377 -130 350 -403 -211 -106 462 -551 234 14 -86 429 -482 -532 -344 394 -180 -462 14 -159 -133 -350 -294 -412 405 293 -126 -113 -234 947 9 -26 105 58 292 -218 84 -15 54 640 -150 691 -120 -20 -155 ]
[-252 538 166 -273 258 -595 1011 -158 770 -454 -263 -640 -344 -85 110 284 -41 -50 153 170 -106 60 56 406 -148 -163 -242 -29 298 -13 235 -59 465 -132 82 -303 173 26 -220 -236 -179 140 -345 94 157 -165 -44 -366 668 -427 216 -218 125 -154 55 324 ]
[399 403 -719 343 68 -737 73 -418 -381 658 -80 -490 -155 -364 322 -626 218 555 448 -703 -9 105 237 125 185 807 -140 -92 353 387 -496 718 202 652 593 -270 -134 156 192 -137 -454 22 -16 -3 -238 -529 134 -154 -182 270 -126 -223 -15 -220 34 340 ]
[-882 -285 292 1 -2 422 -281 -93 -148 -64 327 -155 -353 88 -499 -342 -102 -185 391 -102 265 -243 -772 -222 -390 469 421 130 -502 218 245 424 -541 565 -159 680 -157 363 314 56 -134 -180 99 229 -303 591 -142 -156 -280 136 560 162 22 -265 -302 283 ]
[-162 -185 -962 326 478 -120 -413 33 -42 479 -200 47 -98 -352 102 237 -163 65 -194 -539 -503 -426 -660 353 26 -457 -571 -165 296 -404 161 -162 -37 336 18 -99 -569 -220 -267 265 -474 392 929 -545 19 -337 -164 -112 -215 145 -529 -314 187 151 -338 -477 ]
[590 -9 237 5 -203 -421 722 -298 -373 -180 -441 -68 167 -17 2 406 377 75 330 -289 -525 -169 159 422 44 -13 393 128 442 303 440 111 -108 62 -146 -67 394 -271 229 -437 55 -92 -180 79 149 -269 413 -240 130 -339 415 -40 -462 22 -360 148 ]
[-233 -459 67 -142 -234 -100 -329 331 142 -470 179 250 -64 391 -904 -241 -77 206 130 -235 -591 -74 1 -241 8 515 -135 -467 -250 4 -156 -53 -264 1116 10 -498 63 -676 -224 -180 -348 145 -5 89 99 16 179 183 170 338 -377 630 632 593 137 730 ]
[-6 -150 -404 -269 79 -293 309 77 209 -134 -510 440 230 32 -575 102 247 -38 190 386 101 -241 -426 346 440 458 122 -764 -204 468 -141 -808 509 -297 -19 364 31 165 -179 51 328 -190 22 489 -79 410 -361 203 -157 380 48 -113 -198 360 312 278 ]
[-221 339 -431 -377 159 -291 -427 145 -98 -101 -227 -221 -186 393 441 177 251 -96 191 -337 522 -303 -56 260 677 118 -168 9 457 -458 -312 -135 -446 -147 -455 -77 149 -138 -96 -225 539 -489 -340 -614 347 491 761 -645 -192 568 -55 200 304 584 581 -381 ]
[125 41 251 -15 -430 196 -436 470 -237 166 -499 104 -447 -388 144 475 122 -295 -131 77 155 53 -296 -528 -126 144 -170 524 -939 -447 -518 -218 86 463 -193 -472 211 -175 -354 -36 92 417 775 -140 -303 254 106 264 -798 554 -66 45 338 26 -17 481 ]
[4 86 -419 -170 -399 -559 -284 103 71 142 -608 234 -414 -109 342 273 426 316 -24 664 -437 73 917 436 456 51 -153 -221 612 -249 142 248 -95 -530 -406 -628 120 249 2 -255 -66 -95 -588 551 -373 -229 434 -42 118 346 -69 -713 -13 -192 -108 -72 ]
[394 -91 -509 226 -358 -400 -6 -277 450 309 -85 356 229 -375 82 386 150 327 67 -222 -852 188 57 -52 635 -534 80 197 183 291 493 -52 696 276 628 -141 124 -124 240 -282 -179 -706 17 283 167 -834 119 148 -148 147 -270 -180 74 36 -125 557 ]
[214 473 -65 366 -27 215 -202 -615 140 528 250 775 421 135 267 258 458 204 -302 17 -115 39 -61 -327 -646 -572 -362 235 695 -97 -401 -340 427 475 683 -664 6 293 458 -213 -253 320 -225 47 178 -220 -463 161 554 -275 -316 242 -252 -357 397 209 ]
[23 -525 202 -113 48 -135 -323 -399 -226 -443 455 -482 -69 222 560 -662 584 -264 56 167 -521 -111 -226 178 197 -157 105 30 -370 72 -291 187 -561 -57 -371 108 -286 22 -391 -39 -206 433 -75 -352 110 517 -81 -272 146 2 -530 -14 -202 468 -76 -110 ]
[474 297 145 -101 134 -167 -38 -311 41 449 -151 313 631 55 7 -212 529 146 -4 -229 -135 -24 462 12 237 -340 -801 -1 272 -225 -305 227 234 -516 -415 493 -29 -248 570 -691 -676 -454 -646 852 429 84 405 -511 435 -342 164 221 -277 -84 596 47 ]
[-61 -101 -318 -196 341 270 -145 280 242 238 144 49 110 236 144 -285 -54 30 583 236 197 -236 80 398 -342 262 -172 87 551 -244 -48 -246 567 -190 701 -167 176 -405 -265 298 438 42 -816 -422 -41 204 136 831 315 -679 -250 131 -223 -111 15 -26 ]
]
