130
-104 -435 -187 269 -357 546 341 -273 679 469 27 -232 389 718 -984 -665 828 -128 -255 258 33 -1031 386 -539 -602 667 62 575 -135 521 539 308 -638 190 -518 222 -195 -64 -529 478 -41 281 -507 156 -251 -593 692 466 693 315 110 172 27 -283 -378 -43 477 204 308 389 218 -55 -295 -268 -45 -326 331 -260 -540 404 712 284 -991 605 -305 -10 232 -506 329 259 -135 -1610 247 454 -2 -32 -50 470 521 -184 -197 -131 -639 1229 86 527 -132 -463 -242 287 323 -683 752 255 -116 -313 -391 714 172 707 793 284 706 769 -746 1247 -425 609 93 420 -241 36 637 454 20 -628 -41 -796 243 -155 
-269 332 390 97 763 -173 -52 -1187 -569 -133 -719 516 -613 332 819 349 -541 105 678 26 978 471 -809 663 47 -107 -51 -572 -538 -437 -788 179 -353 258 211 -759 391 -286 484 394 -294 -498 124 774 -1246 158 510 378 675 -1263 143 -155 -79 627 503 589 -327 142 -351 57 -15 608 50 447 -550 -135 321 66 334 402 -382 -504 475 -652 575 -812 156 -312 640 -123 685 309 -311 78 -1106 65 872 -623 117 -44 -220 -63 839 -370 -109 48 -82 365 163 296 679 59 -54 432 554 644 46 -237 -537 483 -437 518 56 33 41 -720 -835 -178 -163 -291 169 951 -1022 -796 -478 146 470 457 572 -77 
261 -314 451 -464 1041 40 333 -33 -87 800 -379 -651 182 27 -36 203 -918 -246 319 -121 892 217 -350 518 -595 130 -680 -188 -253 239 -100 251 -170 311 303 -714 215 -579 187 -470 -67 590 1399 301 -598 996 501 -354 1193 67 249 -598 -605 522 305 -424 725 -352 45 -138 38 926 288 200 -512 497 316 -506 121 -170 45 -37 -149 -114 -393 -535 -748 -50 433 -750 -170 257 -236 636 -986 -1349 958 -30 121 -428 50 -334 353 -363 -361 149 -68 48 -229 -221 -638 72 312 -72 -572 109 279 -756 22 401 122 -897 -344 -422 -299 -622 -781 293 -192 -155 757 1043 -1005 239 -390 -452 -531 265 423 -509 
1076 -1421 -434 -20 -744 254 -897 1242 221 -383 -198 -931 480 -383 -1011 192 716 -225 -1042 -96 -415 418 168 -307 -518 -219 151 414 1025 1000 59 236 -469 -74 -683 431 -95 -7 -653 244 188 56 225 610 390 -522 705 58 231 400 -278 -111 -406 -383 -794 430 -281 587 1205 -433 -225 -147 162 -629 449 704 82 -535 -481 -23 -287 602 -636 588 -143 383 -1178 -799 421 -90 -690 -919 -627 685 221 82 -605 583 74 -1028 105 -623 -1250 -145 -250 381 -282 -293 -16 181 -843 -459 824 -47 -581 -586 -96 -19 659 1015 758 -1067 103 -1322 -676 -79 342 -88 -324 132 -33 -155 353 1027 212 -732 -201 110 309 -181 
-452 561 510 -236 622 388 658 -1460 -723 656 481 -531 -284 852 -54 79 13 50 127 498 -190 -687 244 -56 175 1247 -127 181 -364 -291 -550 -358 10 199 -179 -938 -214 -150 -693 -90 -42 807 147 271 -815 1053 530 375 1276 -298 -51 -328 -529 -78 830 -1 -77 377 -358 -843 45 183 148 802 -913 -676 271 454 227 1167 836 -666 758 -982 -129 -559 998 -108 -616 -277 -31 -1041 511 -609 -953 -1169 215 1422 872 67 -516 -465 401 122 -255 -125 -78 217 -644 -13 1035 -510 -124 448 698 232 597 34 19 383 439 990 -482 871 -828 685 -272 765 151 462 -330 -326 -727 -114 128 208 -36 -368 11 -777 
303 -277 -331 -441 917 -169 -7 -470 804 126 -540 -35 -152 -894 -753 -427 111 -1048 1402 528 -275 580 -160 644 20 -801 -285 311 -170 148 174 450 -724 83 -367 -831 424 -52 76 -366 -979 -147 507 -264 -271 -293 18 -412 400 425 -83 166 -167 901 -183 -117 45 -238 -541 286 -350 -72 -170 -208 544 -285 736 203 310 -663 145 -356 -339 -238 -884 -671 -853 97 1075 -317 -506 83 -129 506 -232 340 1483 -113 286 123 482 -209 711 -231 -129 410 503 379 762 190 -565 -310 107 -1067 -747 417 -282 440 -1296 -193 -437 123 -6 -634 285 -609 -672 -238 165 377 881 1450 -644 5 57 70 -192 184 624 -100 
-101 230 -361 -567 -628 -1085 37 182 502 330 -338 -172 -364 -179 400 -115 20 -491 633 316 143 769 -438 421 617 -910 489 251 262 424 110 -123 -319 478 -813 -280 -565 -348 85 -442 141 652 131 -315 342 -366 -944 -559 -1077 83 3 -514 357 -404 -396 -485 -128 -3 160 984 -159 -399 -756 -550 394 -66 436 346 528 214 -610 -309 -902 183 -336 -359 -399 563 -402 733 -127 592 123 532 -33 874 379 -410 8 654 606 -252 193 -848 -696 -202 -562 -58 -167 -17 -492 76 231 -585 -960 -351 -255 -1116 -406 -624 -345 -866 -401 -1224 328 208 353 -1470 1413 -241 -40 -723 386 584 848 299 -796 412 -512 833 
-38 264 -265 73 -927 -597 -15 505 972 494 565 -272 479 -431 1154 -8 371 -130 -88 815 -380 278 230 25 516 -169 -91 271 -97 -429 632 -850 513 726 291 186 -656 146 1030 32 877 -11 -443 -923 593 -745 -905 323 -1098 630 -881 -125 799 -363 251 -844 -122 -144 37 521 802 -1173 115 -1067 429 251 12 -470 398 739 -39 362 -286 -48 270 412 137 -70 -826 1051 -20 254 167 573 -200 1243 -695 -366 -467 702 -288 -539 205 -806 142 1031 103 -241 -506 -36 62 137 363 382 -663 -373 -711 -698 -206 -908 -779 -125 281 502 583 -444 22 -834 525 -408 -647 -1056 414 686 -359 566 -480 -56 -553 491 
-1160 -52 547 332 36 -413 86 -859 -351 -1199 -810 1405 -310 44 -1043 334 298 -628 236 163 177 363 -648 793 414 -1649 933 -283 -39 -218 -229 725 -83 -298 -693 496 -88 723 -143 79 -510 -596 -223 458 -241 -750 -218 -256 -186 -1086 628 915 459 480 796 782 -672 727 51 613 -237 203 -408 -372 -321 -815 -242 1109 -456 -723 -883 -436 -664 -168 -210 -1276 240 -36 994 -33 -101 665 -42 -341 -150 806 144 164 135 144 219 236 1000 408 -221 -534 826 61 769 650 668 -161 443 -521 589 -449 -724 -787 -1163 -107 -956 800 655 -412 182 134 32 -679 -87 -103 833 340 76 -1243 -7 -284 520 920 1087 557 
57 299 251 22 766 749 175 -217 -90 -140 -48 -241 443 -814 363 -23 -79 389 -92 125 -63 48 80 86 -769 106 -780 -22 -756 15 -1150 -179 46 -652 -655 -356 293 310 -691 -240 -339 -207 655 904 568 276 362 -222 542 478 -802 247 -755 492 -1340 905 -127 332 55 -1066 -732 178 181 789 332 176 -246 242 581 303 578 81 998 367 408 199 -605 -28 811 7 -38 -73 -707 128 205 -172 1284 -543 -143 63 606 618 -318 7 -223 -189 102 568 438 -724 -122 -391 -311 -529 -304 534 46 37 -886 308 -29 -118 278 -46 1097 -546 -354 406 -972 -135 -832 1228 -821 -313 584 290 593 -350 46 -868 
375 -664 20 523 317 -135 -482 1030 84 -476 -1170 -402 105 -1286 -38 -188 81 103 -240 -629 40 434 -18 399 -543 -661 -768 268 -400 787 -2 493 -198 -750 -78 79 741 -34 461 -765 -424 -554 -61 196 893 -540 373 -395 -178 69 -783 235 -1096 174 -983 252 809 -208 810 -17 -905 624 -739 180 1339 1207 133 33 443 -85 422 -101 -891 -148 105 65 -1442 312 1028 -353 -243 -248 -191 515 -242 -677 1646 -345 145 -1034 873 398 -1066 -210 92 -71 -766 677 -61 -159 -630 -463 -7 -533 -366 319 102 116 -581 474 509 -753 -299 -865 1063 -1283 25 26 -147 -29 381 1156 -673 266 1147 -1041 -121 -396 349 -172 
545 -694 -657 -201 -302 -99 -399 -705 -605 -833 137 -250 -677 -884 414 362 708 218 743 118 276 1311 -217 743 1024 -751 -95 -78 395 124 -587 -950 -490 -592 -706 -82 389 231 188 -47 45 -9 -775 423 367 357 -532 1072 -857 -147 -1466 382 -732 -422 125 378 -841 222 -205 40 -89 -1000 -192 169 957 543 -67 -70 1051 1131 -248 -1423 223 -1211 239 -60 -166 167 81 434 72 -970 -553 332 -964 990 824 -433 -46 186 733 -237 -10 -979 100 -72 -750 372 135 -23 575 -751 -31 0 4 -95 -810 -356 -438 -215 -510 440 -127 -200 802 -507 1174 -678 592 -124 -504 -129 -518 -94 573 -254 -147 -273 -36 -246 
233 358 731 174 -122 -17 228 223 -350 72 343 201 -163 -449 1416 -397 -526 -175 -634 360 -704 -278 -659 170 -158 -14 -764 -443 -437 -1075 -624 -250 349 -456 1368 -726 134 637 229 66 -134 -24 961 253 204 190 666 -245 570 -478 -852 -473 -279 94 -535 84 263 493 699 -974 -16 87 565 821 406 740 -108 788 55 529 415 396 920 -368 1536 284 -854 -137 -487 78 -253 1265 488 -484 -710 61 164 266 -608 -151 -805 352 688 -134 117 -646 721 222 -86 258 311 154 -269 -202 62 972 595 -151 -236 -263 -18 1099 -400 -17 892 -1072 -509 334 -984 -194 -92 -286 -244 -785 -265 348 498 629 -76 -744 
630 -698 131 520 -526 117 -155 1048 1013 -516 56 -36 397 847 -393 298 674 265 -674 355 227 -661 -84 -236 256 -667 -272 -100 -130 -765 791 513 299 26 265 753 -4 281 410 480 551 202 -1039 75 -98 -125 993 149 -45 -178 -812 851 57 -380 815 -951 791 -53 939 -11 739 -1 183 -1136 202 1119 -490 -306 -151 -57 -320 -524 -1435 -224 505 -534 -203 -286 -321 -148 176 -580 437 152 -401 -5 -1008 999 -147 -420 -402 -516 -177 240 471 204 -199 -644 -647 828 364 -116 606 1036 664 -495 -1087 43 -279 -798 -79 317 54 970 -82 790 229 -560 502 -776 1039 -545 324 368 -628 -948 -962 -676 -165 25 
1094 635 -873 446 679 310 -971 -202 1281 1177 -253 -1264 111 1036 -629 552 336 -382 -46 144 -137 -631 69 269 -118 1486 391 486 -301 128 -734 229 -1103 909 -1158 -1103 -337 -966 -1226 473 -357 181 222 282 -1645 -160 1479 -273 1129 325 452 -387 194 910 -130 441 93 -104 -215 -571 337 955 334 -735 -360 -718 410 197 388 697 558 -231 388 -105 -593 -282 162 -850 39 -181 447 -1354 -313 197 -329 -553 325 1424 326 83 -466 -965 303 -589 417 415 -668 155 -641 -42 -61 94 433 649 -119 743 569 360 -785 366 418 -1143 -152 -269 -1217 687 -1082 207 578 -413 -484 662 -894 1425 323 444 -301 -286 -34 -296 
-346 617 14 -430 43 413 244 243 36 59 231 -2 519 392 -515 151 -67 -168 -205 442 257 154 960 -1079 -93 1129 -647 -486 168 -493 -471 500 856 245 357 582 229 11 -619 -79 432 462 96 -1178 -408 1119 -168 -821 -359 355 566 345 811 355 365 -658 500 -465 -772 -831 106 -519 928 -513 -1265 -310 19 -5 -228 -1107 -11 488 1130 -135 72 55 1203 68 -1029 -589 304 718 341 -942 1297 -1382 -2278 857 104 -30 30 -283 -243 -35 -228 47 408 -315 -19 327 -82 -100 -1154 664 439 -863 73 433 934 88 -77 84 -747 388 -357 1282 562 141 -716 374 -58 -16 -123 31 -978 338 -493 -545 -488 169 
-184 -267 -640 416 247 -174 373 -1166 585 396 163 -507 613 349 -468 -463 1035 -253 -328 -868 69 72 784 -657 198 627 -70 223 -317 457 90 -510 -786 -530 -445 493 -152 695 83 384 -101 -363 -838 -214 207 -867 -615 1264 -364 727 259 67 569 -288 110 412 -402 -786 -1054 399 606 -557 373 -644 -342 -913 -355 160 -162 801 1307 748 -322 -24 -384 813 175 -278 799 395 -645 -527 37 538 -456 9 -88 -429 96 570 -157 135 459 -154 645 1251 210 -334 139 -210 684 -794 908 -576 -483 264 -1291 317 -561 314 -441 -63 774 1736 636 -103 -126 971 139 155 -808 291 29 -345 -374 -123 242 -1370 513 -249 
56 447 -546 163 -436 -105 -244 216 -688 243 201 -20 -115 743 -200 730 317 101 -1029 -1448 -333 -75 449 -1216 -758 777 193 331 -85 740 -917 172 -369 -805 -1468 190 -371 536 -1080 -174 4 -273 -768 305 298 -464 117 -525 -387 -454 156 -526 294 -233 -1001 907 -1183 928 413 -797 -513 435 -324 91 -49 -911 -837 402 -612 1327 443 824 -30 1196 367 884 570 -145 78 93 -644 -280 -170 -167 280 -520 -876 539 118 -123 154 -79 -412 -897 -674 -482 -1058 605 205 -294 445 -356 126 -422 -142 -30 967 120 98 -63 779 -358 177 -856 200 298 -118 786 -239 -767 -1730 -632 384 60 1221 226 408 -10 -35 -3 
819 -161 175 -387 -239 -110 -705 696 87 -45 -112 305 -76 -216 159 446 147 1093 46 251 -270 -266 -139 -441 -515 465 -1074 24 -61 148 -300 443 -104 264 277 -290 -190 -211 -86 -266 -307 117 -1210 725 90 -377 1854 -283 117 -1110 -239 -402 164 -389 -102 -13 49 504 868 -930 -963 7 -101 499 498 471 396 -907 -72 816 23 -10 -403 -181 370 109 -334 -40 -608 -1120 164 -263 -159 325 -374 -411 -113 643 345 -1777 294 -1338 -630 -703 -110 207 -859 574 -394 644 -956 -117 -877 693 73 496 106 630 77 527 1163 -109 -826 -1317 -188 476 -490 160 258 -303 261 92 -691 1365 92 275 -422 12 -237 -460 
-292 -125 642 -178 137 -489 317 -804 -136 -207 294 359 -99 733 -1095 97 299 365 1083 -362 -313 -504 117 -526 -4 -35 -300 240 65 751 1238 79 -400 -305 -173 380 -555 -87 343 8 -691 196 -1235 664 35 -552 303 1177 662 428 991 32 -36 -221 1795 -360 79 -322 -1065 267 293 83 -602 119 -350 -235 63 -829 -313 -633 287 -124 -641 -361 -1459 -402 148 24 -285 -1119 -896 -607 -125 -421 331 -417 58 252 -50 621 237 -379 170 -130 726 162 -23 -418 388 -27 -355 -66 -303 115 794 522 -9 587 -304 455 763 267 -477 1431 -673 594 196 827 587 843 962 211 -391 164 -1 62 -149 -792 271 -123 
330 -1026 -1618 -619 -1225 -12 -358 33 -61 -181 494 1011 -29 -309 -121 -253 1670 216 354 -219 87 533 44 346 491 6 447 95 1253 690 282 -794 -580 302 235 369 -93 797 -156 439 715 -210 -187 -587 254 -833 -259 429 -813 -238 -384 -330 488 -807 -833 -401 -129 396 434 1141 504 -1260 -457 462 859 157 535 -306 -174 1368 -634 -358 -717 526 613 412 -478 389 -283 496 18 -756 43 853 -352 1373 -151 -379 140 -807 -301 -107 69 726 -266 385 99 -199 244 53 149 -535 872 -217 -1187 -972 -1005 -109 23 351 394 -455 912 -1129 -43 385 497 209 186 -247 -543 -765 1139 926 -7 -240 42 707 -167 -402 
-546 654 168 -689 -701 60 -424 -768 536 -384 15 495 -344 -233 256 305 594 -1078 1295 1346 -711 874 -730 840 838 -1075 -218 -613 664 -359 -385 565 -9 643 54 -895 -143 400 -196 178 170 -167 611 115 -845 -514 198 -960 251 -314 -25 -6 69 273 -146 -567 -51 525 407 -688 612 -664 -122 -772 -22 212 1066 1103 402 -938 -1092 313 273 -636 209 -1299 -1131 -966 -1197 31 -738 1445 -483 -852 765 1027 -30 1253 -227 550 -274 -356 620 261 -135 -109 988 -967 639 674 115 403 -22 -224 -93 -521 -235 -475 -1143 -243 -173 173 -552 -960 -545 197 86 -1168 -439 649 316 -537 -256 -642 -292 856 453 707 81 519 
21 -716 -83 360 660 -413 1276 745 -993 84 135 262 395 642 -875 271 501 768 -516 -716 364 -1209 228 -1028 -144 1056 -764 -453 -302 -711 1204 337 187 353 1566 298 -207 315 19 -363 -25 795 -662 -410 98 291 574 -3 1037 -576 752 -118 140 -139 479 -881 689 -452 -219 417 219 390 86 625 -306 298 -478 -341 -912 301 334 -530 -904 -149 -318 90 595 801 -796 -856 -7 -502 916 -245 -672 -1423 -448 832 386 -769 13 249 -87 66 -395 -543 229 641 -892 381 -61 36 -728 710 625 335 195 565 626 308 730 239 237 419 -249 192 245 1051 -40 -72 1416 15 101 -53 -566 -440 -579 -221 189 -1158 
19 -51 -629 -296 710 -281 -423 -995 84 -777 -101 -450 -180 454 -1522 -12 1504 -1181 303 331 -394 591 420 363 482 -136 -16 150 784 -153 -335 180 -781 -591 -20 -389 331 -157 -1165 734 153 715 617 -384 -1197 1155 611 228 459 -7 169 149 -381 159 1237 -445 484 -302 -963 -366 201 224 102 -433 -1119 273 548 780 364 -586 5 -1411 -443 -865 284 -1846 173 293 629 -368 173 -1229 540 -186 -568 -871 -22 1533 944 -63 -328 -998 525 -468 397 575 575 10 9 140 258 -823 257 365 -279 -449 -151 -205 -1061 507 -354 -244 -1041 726 -460 741 469 -90 1005 302 722 512 -847 338 -898 -644 -676 335 -87 -292 
238 -35 371 -586 94 -293 709 -211 -108 -206 -72 196 -554 86 241 221 -484 529 748 -320 197 359 -132 532 867 -563 -614 -565 -199 14 -349 -414 -834 288 -873 -113 107 481 -209 -319 -982 937 807 462 45 229 273 -17 640 324 -376 265 -279 600 -693 -48 147 147 -92 126 222 -277 -632 1043 39 625 559 -33 409 -222 -1103 -1409 185 -624 27 -307 -650 690 -1142 -457 -117 688 342 -634 -435 179 642 -39 -135 576 948 642 99 -555 -1104 -1704 -37 -212 148 17 -230 95 -279 -115 342 449 329 -284 -583 137 334 113 -977 -405 390 1039 821 -755 267 5 1126 -176 -523 30 941 645 -370 264 -561 -747 
-2253 1269 -307 6 83 -353 1151 -1742 -235 313 2 845 485 687 -82 91 1596 -271 516 720 -365 -128 481 157 -262 -11 -953 296 -769 -458 311 -251 -128 542 -422 -566 -293 844 -220 -203 368 -751 -1780 -394 6 -903 -50 -104 197 -722 -540 198 497 -317 159 -263 -590 1225 -479 -707 100 -650 -513 -266 -489 -617 488 493 82 1249 399 -459 -1826 -131 -109 -1342 1346 -252 -813 604 -428 -747 91 552 -898 804 726 972 1310 625 140 -708 792 113 -650 1360 702 379 -116 558 857 -1130 218 247 -530 -382 -728 163 -1985 683 -380 1219 1254 501 -277 1218 -494 99 280 -94 -177 263 -333 144 -201 278 153 -98 118 -195 
642 -660 -806 259 225 904 -290 189 -92 356 105 -594 -75 289 279 222 892 224 -277 -1047 492 -179 287 -163 673 687 -108 -216 -421 911 429 88 -653 -246 33 586 567 656 625 160 363 -993 -68 88 286 -915 -123 100 185 405 -164 477 -61 -102 -1048 302 161 -350 495 171 460 267 315 227 401 162 -562 575 -334 449 41 309 249 -748 100 634 -886 -863 28 295 -51 -464 -120 41 -451 -636 532 42 566 -178 -318 1139 -947 615 75 -29 -802 413 -501 183 1014 -91 707 124 -299 -153 77 548 -150 -106 -213 -554 446 79 106 -544 404 846 -545 -400 -521 3 -185 -639 418 -810 163 -103 990 -156 
363 -513 190 359 520 -526 173 -307 -11 -211 -902 -240 -178 509 -485 274 156 -65 774 -459 -657 40 -826 -46 695 -583 -47 -559 234 -493 52 -215 -670 32 -237 -568 -960 752 -300 -306 -475 100 -219 899 -423 -515 -33 15 176 -459 -42 -13 -125 303 695 -169 -49 115 460 215 607 236 -161 -225 298 -363 -355 189 615 365 -164 -206 -356 -558 -1076 234 -1579 505 -281 -13 -803 227 51 -397 -11 320 349 378 -876 -79 -4 190 1198 -464 -381 -1316 598 -102 296 15 -934 638 283 -1270 381 835 -521 -301 -730 -1008 -90 -439 9 -664 325 -144 144 91 -3 16 1021 -117 -264 -921 783 580 -21 -392 280 -582 
382 139 -328 -695 -764 -283 801 728 81 1260 776 350 -705 46 636 -597 -1062 -176 631 643 805 -157 192 210 -288 264 252 319 -227 -337 351 -992 529 714 284 -851 552 -270 272 -177 -175 796 1067 -1128 40 416 -753 -1099 289 1338 -679 -1500 -456 343 -141 -1406 886 -459 -651 469 314 -528 -251 493 945 1338 323 82 273 1026 523 -854 233 617 -166 218 134 515 -611 -401 -910 165 489 383 72 151 114 -444 -289 1116 -301 236 1176 -744 -980 -736 -630 187 -88 -377 -470 -315 -255 -585 -452 773 1260 473 -102 -303 600 464 -212 195 95 -302 -506 314 276 -181 183 -332 369 1190 759 378 -694 156 -798 -237 
46 364 274 660 981 447 -396 211 485 664 -870 -1183 311 -64 1150 -351 -132 816 -678 -195 -708 -491 570 -337 -570 598 -612 625 -52 279 137 60 553 428 117 -599 79 -976 588 157 1169 -648 -335 902 -191 -452 794 75 708 -830 -254 162 -263 -34 -593 -290 -228 -173 673 -967 -445 717 583 -118 -253 181 139 -971 659 511 593 801 -324 90 -241 464 -677 44 592 517 750 -259 -952 285 -117 320 966 -596 779 -1024 -25 -782 -1279 -6 370 1107 112 601 -889 -829 -815 1048 551 -28 -628 25 -462 322 73 -74 -272 -948 446 147 -240 -1041 -868 -265 337 -696 -799 581 -1118 378 134 86 229 -925 -255 28 
828 -680 -786 -41 -507 929 42 492 -164 -448 1235 1206 102 -692 -561 125 -223 835 2 -586 109 -882 -141 -167 -568 841 284 -278 161 -329 369 187 86 308 1125 94 98 -395 -18 521 -951 -50 -498 -186 -347 1046 577 572 171 -100 478 -624 159 -348 -697 389 -414 -98 -552 480 -60 -445 -283 605 170 -243 -304 -679 -684 780 262 -303 428 479 532 515 702 -308 -77 5 -206 -1454 -514 134 540 166 -598 -475 -411 -819 -689 -374 -165 760 503 221 -324 -67 725 -134 -82 10 -524 1038 657 607 724 1355 1185 123 1492 647 207 157 -323 480 -163 982 -301 300 -537 65 862 717 -978 245 840 562 162 6 
1177 -1094 -114 124 -437 -661 241 1427 302 -1666 -111 962 307 -813 314 155 1048 2057 -973 263 57 -122 -288 -246 569 -579 443 -122 -23 -1046 787 168 1343 359 821 1064 -655 186 924 162 304 -98 -1150 910 582 -173 -172 458 -520 -104 65 707 165 -749 -412 -85 111 -720 344 1149 559 -636 -416 350 396 569 -1117 107 42 673 -682 -497 -170 440 712 692 -873 710 -168 168 610 226 -395 122 800 950 -765 -709 -652 -446 -694 288 -617 116 222 503 451 14 -500 -128 -348 49 -423 857 1330 -19 -1063 -245 -765 -150 154 -376 881 840 1445 -852 610 -1102 434 -384 437 -336 677 134 -202 443 31 -1015 -821 -244 
-386 11 637 -321 20 -453 -723 -467 -325 159 -166 -1 280 421 1087 730 438 22 39 -232 91 122 -1000 -148 -496 -231 229 -530 258 905 -404 484 163 209 201 -557 -803 24 146 918 1232 -27 745 1547 -610 -968 1032 -299 858 -1721 777 -1010 382 -166 6 37 144 565 638 -262 -230 477 102 352 -407 938 52 293 120 487 -610 1442 456 317 1933 -1254 -1394 -585 689 506 339 1100 -624 162 -491 -49 726 -481 -131 -526 -614 -154 506 -986 96 254 31 -430 -98 -595 483 908 707 141 -993 111 -258 -1064 178 339 -247 -1172 -421 -872 -62 -1193 -826 -374 81 -666 -869 77 -438 -816 -117 -208 232 1420 190 -594 
-264 -618 -236 657 -866 -316 473 1504 -683 -1380 690 645 1200 -720 478 1168 420 295 -1767 -136 -725 -358 11 13 -216 -481 -1 -402 -417 -777 -32 344 1755 200 978 397 -89 1205 617 -397 617 -807 -418 -21 1175 -534 -100 -18 258 -107 -828 98 -381 113 -333 98 -681 1092 1152 -251 52 -528 -532 69 791 753 -878 275 -271 1302 -18 201 5 177 964 216 334 45 -774 231 -778 450 318 -68 -66 -197 -1482 614 -422 -141 -1019 -130 -9 -1138 -1087 358 513 -136 -104 -105 807 -377 369 1193 1040 -245 662 -1205 251 275 348 268 619 51 811 -1090 25 -410 -1264 -239 -53 -1239 415 -55 373 72 1121 84 -251 -1057 
-578 -341 114 -459 612 1283 1485 -1078 -177 -244 470 88 -471 -152 -1310 -1095 -15 -122 -307 -307 -483 -648 836 240 288 743 -478 -225 -129 -207 -308 -29 -658 -590 733 207 872 -134 -616 -799 -485 1130 1710 312 36 1618 192 -212 1196 767 708 172 -770 677 -803 -127 501 -778 -570 -157 79 -42 -5 755 -291 -33 -28 693 -377 -293 965 -707 13 -590 -696 -196 10 80 330 -376 -240 -609 170 -164 -47 -582 805 414 1363 -196 234 -85 -794 1315 -144 48 1011 21 -31 -364 -141 -739 -229 -62 -809 -669 488 -97 109 1129 687 -279 62 632 -295 689 412 1159 -527 691 344 183 -788 -424 -886 -682 786 -457 793 -882 
736 1195 59 -769 -190 -992 354 -442 311 761 -539 1227 -1051 1054 1045 -581 -417 557 1595 -548 -783 -86 -876 -480 392 -271 287 543 -562 -281 81 -679 -368 -1162 -935 -393 -312 320 -131 -925 -559 -288 -560 350 375 -638 -235 -211 -1044 247 -259 -278 976 387 -365 -296 -470 500 -754 714 104 138 -614 888 670 -1045 -170 481 376 -22 -783 -262 -363 738 -199 335 -571 1432 -586 286 12 1619 753 -507 317 1143 144 -623 -484 983 75 936 966 139 -72 -577 171 554 475 111 -99 53 -962 -1109 -256 1325 141 761 -1587 -1141 -72 473 -152 -667 658 -32 -70 -147 624 -1266 -82 175 1 -182 1288 752 -700 -221 -627 -115 
-279 442 -283 -98 -515 -257 127 -1310 126 116 -1011 -778 -365 760 737 -1184 1321 -1130 153 705 -644 -181 -63 -363 49 570 314 774 409 872 -305 -183 -1029 -723 -555 -693 264 -198 -44 706 997 -504 10 273 -519 -640 248 1297 -208 -110 -53 194 -439 112 327 160 64 481 607 -340 62 -152 -509 -369 -182 -273 520 122 399 1035 393 157 -230 168 157 51 -92 -500 212 1481 584 -676 127 276 -28 849 -355 278 383 368 -604 -885 -129 -26 198 941 182 64 -127 -536 717 -882 511 -323 -492 -159 -264 -157 -390 1011 -100 -130 152 542 -733 -417 -383 -207 276 197 -1351 97 -467 -195 446 -719 398 -1186 142 -49 
336 95 393 -211 -855 132 203 195 211 -51 1033 -618 164 -129 -16 496 594 -438 51 1128 -288 -911 -24 204 -144 -546 249 50 -161 -270 -69 -733 -444 373 -769 -819 -598 84 -922 511 283 1212 825 567 460 41 201 239 82 726 -694 10 -306 -643 -297 239 -127 804 1398 -31 -264 26 -610 -484 -65 684 68 -479 -306 -69 -769 -491 -862 1173 593 7 383 -40 176 1295 114 -1075 593 664 -164 1155 -769 383 -544 175 -306 -167 135 -697 -932 -333 686 -48 33 344 -622 97 179 438 -305 187 622 -238 -115 -399 -476 239 153 360 -295 399 -765 -1272 -108 58 -360 -1462 983 -237 -15 409 27 706 -1012 -427 
686 -177 -748 524 -123 -295 -629 804 -84 98 217 -509 91 822 313 78 -2 -592 -464 -389 339 459 -219 -328 -361 215 -332 -292 475 103 974 -566 -974 -759 1370 712 429 -42 217 1367 910 -573 -291 11 -743 -752 361 727 496 -242 140 -222 1404 730 576 -21 -39 78 -793 319 692 155 1479 -456 -171 702 -404 -680 -674 -926 -907 730 -319 309 74 277 323 0 -489 588 680 102 -56 569 -1054 372 -596 -490 -743 567 -429 309 163 -933 174 82 378 -23 -1096 -4 -215 951 95 1063 -615 610 213 91 585 125 -996 -48 839 821 -739 -350 214 -17 -64 -773 518 562 151 276 -855 94 -114 805 -65 -290 
-1124 -450 0 -343 -327 28 1203 -378 -34 -386 -733 -940 325 -195 -364 -76 493 504 -288 -386 -398 400 759 -215 987 -294 390 205 228 -173 313 -358 215 -206 -82 -16 -155 147 361 -819 217 -206 -1338 396 -242 -339 -1245 848 -1128 239 -292 122 -334 -585 -125 425 -523 -394 474 220 157 -618 -1258 -729 -111 -971 -131 84 190 1074 143 -244 -1865 -349 -1177 530 -462 274 -509 688 -1023 -1053 489 669 -203 -5 -143 337 952 -804 -192 -377 -919 379 -1766 1084 -416 -369 -1000 -403 -394 -216 553 281 236 -680 -272 -637 143 302 384 -675 -260 339 -438 689 694 -108 675 657 -167 -1579 849 27 837 196 460 -1631 -113 315 
282 -225 136 173 353 735 -1009 368 555 314 320 -1221 671 435 -609 -92 884 282 1078 139 -241 -612 229 -203 -264 238 487 262 -52 -177 786 -1008 35 85 -562 402 -549 -559 -649 75 829 914 347 -422 573 757 -421 -257 56 1595 -358 -221 -439 -65 964 -793 1125 -873 -238 227 197 292 -223 -223 270 1068 246 -522 283 -790 449 -627 -50 317 -584 -849 273 649 943 436 438 -2071 518 642 1225 -528 1018 345 221 446 336 438 -476 393 792 717 328 -184 351 -688 -769 -27 -644 -327 -554 62 -6 944 114 -805 162 -1202 190 923 -499 -352 -72 400 670 174 87 188 -263 550 5 -265 -906 -482 -315 -692 
621 138 -914 508 104 -690 -959 -278 -898 756 -143 -501 -759 577 986 1121 -479 -70 670 -849 682 674 -70 643 216 -86 459 65 344 776 101 -482 -431 184 -904 -1010 679 -173 367 441 434 -882 -307 -1038 -733 552 -756 770 -906 -637 -262 129 -399 627 991 -75 -604 519 -586 772 534 272 -235 147 -309 327 209 -1008 518 -98 -1319 -782 111 99 297 538 583 -73 -222 397 1012 -138 -599 -52 -234 239 -29 -1204 -324 238 -330 273 161 -1330 149 -279 -979 -97 1 -355 -67 748 -196 703 89 448 261 46 630 412 -461 -446 -375 -490 -508 318 556 -506 583 -463 -759 -261 -174 97 550 -202 -79 688 -453 431 
390 226 216 -1422 7 -64 -557 -1362 -1411 -255 1426 472 -468 386 191 1238 -313 99 722 259 32 -245 -31 50 340 5 -109 -489 599 -219 132 -127 502 72 401 -911 -117 121 -258 217 484 108 -55 1264 -282 1181 206 120 456 -685 275 -414 -568 -1300 1036 -552 -785 506 471 -329 97 227 -224 751 -813 462 -474 -366 12 -198 -862 -587 459 321 480 -518 356 -423 -374 -331 -383 762 -68 -134 -297 -128 -976 108 -197 260 -690 -259 703 -868 -6 319 -28 -341 751 -209 95 206 15 187 344 -519 1060 -121 627 -639 38 172 -386 440 -687 236 -339 -203 -59 -347 44 -1192 -93 -1356 -507 -227 498 654 -1218 -421 
-898 -200 -127 -86 -84 736 1315 -640 -516 552 -92 316 632 680 -503 392 623 465 799 -828 1448 206 647 -1626 -1060 785 -281 -677 -318 1167 -216 152 190 -49 -1206 683 -312 83 -890 335 869 684 -609 409 -559 259 -350 432 776 -348 -122 251 190 -81 -627 -493 622 231 -317 34 361 -255 -122 15 -319 -121 -505 -445 -27 968 307 1239 402 900 -84 271 105 969 -388 282 -505 -1397 -390 -710 797 -979 -712 -74 -1012 -134 865 1030 -172 408 -714 -1191 -190 -84 151 -904 1032 71 34 -353 153 -671 -1015 778 494 -194 70 -3 786 772 -67 341 680 885 -964 253 -1341 575 767 -791 997 -115 -78 -1548 -260 -387 
942 -1172 -915 -911 884 576 298 -781 183 745 -13 -740 -521 -1234 478 -194 -239 287 862 -464 -459 414 454 -296 582 152 -476 -98 -318 435 418 -269 176 -463 494 -1063 392 -312 934 -411 215 63 813 -634 555 432 -867 -509 -589 854 -823 -95 -668 -319 -334 -741 -505 -732 -461 -129 52 -606 633 252 57 -541 -161 -541 707 -122 492 413 1197 -1010 -410 1101 -1288 168 329 264 -446 231 206 111 142 -933 149 -845 259 -668 -475 -437 -263 -405 -614 1004 -267 304 37 -147 -597 81 157 -1193 -968 308 107 932 342 -1261 -1012 -754 -1186 267 761 -727 227 -123 178 385 -178 12 -976 -1084 -182 431 163 -212 -44 383 
-872 361 -210 174 -654 -318 878 -891 -605 206 -284 1393 -294 -79 -422 -614 173 147 261 -65 804 -905 620 -1190 -946 1104 -57 228 -783 272 -307 1287 264 -426 -598 319 262 697 -331 -116 64 -803 -688 244 -399 -1310 456 -528 273 -351 362 68 73 425 -1250 228 680 -529 -740 1070 -300 323 -877 140 329 -353 -393 1096 -1033 33 1061 935 -421 1457 966 -42 266 489 991 -185 40 803 608 -225 645 -132 -389 -922 36 523 324 1502 -262 538 -191 199 -104 144 105 579 1165 -1068 -145 197 530 8 663 858 -494 1048 217 1066 652 423 1243 -105 -470 673 -1202 -54 -1327 749 671 -1154 620 -518 546 -575 -307 -48 
-287 256 -221 -402 -27 -104 -503 -284 -244 -243 -169 1048 22 632 756 -833 824 159 502 -1539 -172 621 126 -216 532 -234 -462 -8 169 -63 721 -1320 -949 -64 222 526 -224 592 724 -2 -446 -316 -725 -326 886 -1031 -906 69 -1112 238 334 -1 1045 -626 -58 -196 -148 -335 -467 -109 -131 -508 -139 731 281 -135 172 -534 10 -5 -76 -236 -38 72 699 821 -385 511 30 233 129 542 401 622 33 1208 754 -1424 -116 46 604 519 869 207 315 231 94 222 1513 217 -139 -572 -16 -1439 -1090 121 -1145 630 -244 -507 170 154 -73 -183 736 231 266 468 545 -490 -43 129 259 -360 -169 95 -527 183 -287 -353 
-1029 -248 -414 544 -109 -782 308 -641 -947 158 -1038 276 119 -624 -1054 30 990 -298 560 47 -870 -157 687 -1137 -166 477 602 741 -127 208 927 -215 32 -321 -74 299 -609 -310 -752 -168 -375 820 -2271 -1298 848 -1023 -529 -237 -679 -950 137 -535 1006 -595 683 -480 -410 346 -1133 1040 -1301 -1134 -605 -141 350 -1366 489 210 -105 582 759 -46 -516 50 -624 -531 962 1038 134 414 -380 -1259 850 -433 23 -161 10 379 635 -541 1112 -167 -423 -361 -535 586 -615 721 -66 -246 138 -921 -1138 -680 -387 236 -376 1272 502 -281 574 1189 -371 217 512 339 584 -307 1279 756 -413 514 190 -329 1362 167 -706 -20 225 222 
202 -78 -1681 -210 -163 1194 -50 -228 -487 -354 525 358 -392 -12 -1109 529 1710 -20 -56 -915 -1409 91 1064 -146 -160 1263 319 189 742 408 13 -1028 -784 -107 -401 682 -224 273 -648 -267 135 -529 -1213 -765 348 -298 -761 20 55 830 325 341 -108 -181 -220 13 -1284 161 -406 -1182 64 -841 403 90 574 -1320 -424 -320 -635 1402 484 -47 443 280 -1544 1493 1053 -204 -926 -241 -244 -1710 -756 -196 687 604 -1015 1357 546 -62 -92 -620 -199 475 -494 242 904 784 264 -275 9 -718 -257 -614 -48 -221 420 1061 -50 354 449 147 1545 -126 -693 629 637 951 -431 765 -859 155 314 230 541 712 686 -741 -244 -203 
-339 165 -363 -91 -841 507 2 -511 560 466 -397 45 382 -1392 -85 -274 74 -583 -716 692 11 -198 -331 1365 -294 73 356 674 285 401 -161 -86 -396 838 -1246 2 -1113 -136 79 -439 355 -218 746 -277 166 -39 -783 -132 -536 494 4 751 -401 -166 -804 616 -40 810 878 87 702 -569 204 -1226 428 -626 -501 -43 260 421 -104 493 146 58 -46 877 139 -1221 85 1275 639 247 -1065 566 323 1532 -321 -1 -1001 317 -291 -454 435 676 157 445 684 -853 -244 -126 132 -403 1663 -489 -646 -1048 -610 -1571 374 507 -1116 -576 1460 -959 -549 540 553 -691 -479 215 -1461 134 675 -326 284 -783 503 112 -104 676 
63 -397 -540 -253 1364 -1673 460 191 762 -158 -925 -604 287 -1564 1044 -329 -75 -248 -117 -273 204 1243 106 587 624 -753 -582 364 -631 430 280 919 855 788 440 -1334 893 368 2175 -366 -345 -1253 318 -1725 -183 -90 -908 -129 -368 310 -421 502 -683 613 -644 -98 -209 -572 -719 85 110 -391 -547 113 -505 -34 784 -101 1092 172 -121 -163 15 -305 375 57 -684 13 444 -80 -229 1161 -53 381 -650 -1142 713 -739 878 -236 -629 -299 404 -665 -614 1628 249 -220 200 -513 126 -278 329 -481 190 -224 -287 -149 -1100 530 -368 -392 -481 239 1440 -1174 -1004 -1237 221 722 1143 1139 -1207 161 -80 597 -131 -200 -151 96 
-660 790 1207 -621 1346 -1536 -35 -85 -165 -463 -74 -306 63 -310 -650 723 -215 -447 12 -911 -1268 298 245 -605 657 -438 -143 -237 -75 426 111 546 476 -443 388 -262 -259 -644 -229 -1290 -344 1180 427 -220 1045 -375 -304 -350 -372 269 712 275 112 -196 697 27 -1188 -271 -606 -858 -1282 668 -264 -484 -396 -581 133 -83 -441 -1898 -302 109 -633 -399 -956 -786 334 594 212 -1643 -719 1250 621 -1272 -151 -868 -376 1144 1060 45 1321 -394 -540 -704 114 -269 381 781 7 58 -65 736 -941 -662 -424 -682 -96 -394 -87 -377 -297 -873 -1350 -518 -401 -875 228 -245 761 -160 1925 -528 -820 -507 -494 207 -439 378 10 335 
316 -385 199 138 1073 -423 -159 -961 -38 -191 -470 -264 -369 223 967 -861 -1017 -17 508 -76 -30 143 -424 649 1073 -294 910 -157 -440 -54 203 -1 -237 178 276 12 313 -335 1370 548 124 -520 -109 -417 205 37 -872 1359 388 -432 -559 320 -958 -330 1165 272 -960 -499 -225 744 -708 205 297 356 -296 -964 295 38 142 321 714 -619 538 -1779 -1227 -148 -111 702 890 -342 463 -180 665 171 -965 -284 682 -929 521 345 -311 -147 486 193 -410 644 -119 -149 -154 72 617 -293 792 -520 729 118 -733 -213 64 -244 -1171 1080 -466 867 239 -197 92 -477 1133 541 1002 90 -981 240 -114 507 -356 -429 429 530 
1015 -129 31 -695 545 -58 180 -4 1183 1109 357 -460 -96 78 -167 -664 67 -543 581 39 -518 244 -199 -296 -519 -576 -1489 495 78 -619 -218 -171 -992 -444 -480 -135 -344 557 -512 -144 -159 1308 -70 -1045 135 711 283 -414 -466 290 -793 412 560 126 -113 -492 491 -184 -156 -1532 344 -520 1002 -394 277 -542 -53 -489 -361 -475 591 380 -80 563 332 618 -346 -102 261 -1058 -298 606 93 144 -495 564 63 765 104 256 110 -752 801 52 540 410 1205 -559 363 1081 -1063 1 501 -1186 -1606 -568 -1528 62 -429 -1288 -629 464 201 212 755 949 -476 328 -58 -480 321 135 55 -280 -845 331 -857 -71 81 -430 
-172 290 681 730 -363 -768 -197 -278 126 490 285 610 538 -460 -82 493 209 -165 -881 668 282 4 620 367 -153 245 -152 -234 -1273 355 -288 -706 -292 58 -657 198 -361 754 -509 49 -933 -20 -345 601 561 -1366 -482 656 -447 365 170 402 957 -467 -521 1446 -890 -162 -535 729 -732 -559 273 -44 -389 -473 -318 1198 -678 95 316 264 -404 -50 575 654 207 -885 -24 253 -806 171 195 279 -775 326 -337 -572 190 165 122 1158 -57 170 391 19 -32 680 -717 1548 242 -636 142 8 295 1078 -1139 -403 -933 1178 -368 476 560 600 665 648 -55 136 -267 -203 -309 -424 255 -300 -302 142 330 446 281 894 
1013 -1238 -396 297 -429 1067 -773 820 -530 -590 -109 186 -122 388 -616 457 765 -96 415 146 -922 -694 -104 -139 -319 -204 314 543 387 -415 785 356 643 -115 188 871 497 -309 -21 125 736 -592 -808 432 399 -687 1029 -93 438 40 -179 587 -110 416 395 -154 -138 522 447 -249 -413 345 287 -195 1245 251 -389 -294 -886 -558 59 -13 319 -581 50 -342 284 -413 952 -419 552 -1049 129 -110 268 462 -484 529 704 -299 -498 -126 -683 282 143 1047 218 70 178 1268 325 -535 361 1143 -52 -653 506 845 603 -139 241 1181 251 -554 -591 -544 -257 -270 -164 -707 -306 127 267 -407 -142 -1212 -70 137 623 -602 
440 -654 558 -860 765 22 -134 1106 194 -1194 1280 292 989 -946 14 -635 -614 -246 -659 -1337 369 -148 -397 331 505 -1382 -354 -20 62 452 452 693 -437 -98 558 861 110 476 568 -211 -987 785 765 344 1638 839 -138 158 147 172 326 -15 561 -1014 -625 249 107 -345 530 311 -1310 234 335 584 -125 172 -189 184 -779 -916 -520 133 -584 -91 392 -129 -981 1198 572 -302 -425 1508 288 557 -466 -161 943 -803 -30 -624 603 57 134 -302 -142 -435 684 -348 834 87 -864 144 759 -755 -780 -1 -1057 -949 47 -736 -175 -421 -243 -133 1601 -426 570 -547 243 -1 1176 117 38 95 -412 -60 -259 1084 889 -509 
451 -639 174 -351 674 838 1538 -244 -137 286 387 -637 -234 280 -505 -807 647 578 541 719 -157 -1069 441 -1835 -24 612 -704 -166 -902 -668 347 -92 640 -118 645 -847 128 170 -48 -39 -281 779 249 155 114 954 1001 -301 556 -128 -126 -324 162 423 156 -697 -47 -256 -409 -704 -531 -273 984 484 -780 -227 -160 192 -302 655 1339 -545 479 -751 193 467 -225 910 383 169 -333 -975 662 -462 102 -868 87 145 573 -828 -432 -296 140 -574 -736 -452 92 1544 -365 501 -453 -419 -1232 -228 382 1541 171 1862 -917 -1132 -685 1257 -920 429 188 -593 -326 848 159 -225 -16 95 -395 -425 -650 686 -733 -537 269 -819 
346 241 545 501 141 1191 -781 -587 -365 -6 626 -285 874 -20 84 1047 -58 2214 -1363 -24 204 -214 428 -395 347 356 292 -195 37 -1588 -1529 -1826 1286 -312 -765 593 -997 674 -605 247 -119 -250 -709 1094 -22 -5 -588 585 -961 386 -426 17 364 -456 743 664 -1332 -496 -647 -422 361 -391 1189 363 -1147 -1334 -785 -571 649 647 216 -498 1588 -466 305 635 539 -244 531 -90 193 232 -104 -544 -26 -271 -542 -547 -485 -107 92 448 415 191 173 315 -291 293 126 -1268 530 516 -206 185 1091 848 -882 -589 153 -1374 -789 150 -552 939 744 835 656 1034 -193 -1096 -1175 -580 -171 90 -62 983 -345 -133 -470 -263 
332 -276 -536 664 -594 -935 -132 506 1085 -270 -638 -64 311 621 -563 -358 598 -386 -368 423 -514 516 -266 -1203 334 194 974 1039 -294 -54 11 686 -169 -356 -225 1071 -943 -70 -321 582 -411 548 -731 -736 -210 -440 336 393 -355 317 646 28 761 484 150 -18 206 11 -603 166 678 -687 177 -1119 -36 -1008 -86 624 478 -300 692 1109 782 217 127 371 489 -356 30 -169 -129 -401 306 -1129 1004 -712 -1244 1203 -439 411 -719 31 -199 293 1146 407 -223 -1167 102 353 614 -534 104 232 795 -39 -896 434 24 21 162 41 -418 765 3 186 277 -601 265 765 -125 -103 494 505 235 695 -528 -1072 382 275 
-1226 192 521 -320 637 711 529 -737 -643 -748 904 -115 -334 28 126 939 -502 1290 -288 -856 322 702 402 -531 996 -1316 308 -761 -189 293 -994 403 621 -1550 -435 176 590 521 -300 -748 419 232 -159 824 515 1301 247 -312 -599 -1110 85 435 321 -250 -580 668 -1198 -287 -548 -240 -370 127 98 618 -405 -95 -867 951 -4 -600 -546 4 464 -102 705 -829 198 828 244 205 39 584 -63 -44 -450 -913 843 -368 927 -482 1088 977 -1049 -160 -259 -322 -309 -145 -202 -607 1632 466 -460 104 120 -742 -524 -926 103 -771 -399 -628 -433 300 590 -472 997 -306 454 -545 -459 -862 -139 -1065 -442 -491 836 -10 -185 -120 
-622 -370 -131 -515 -430 -16 -366 220 351 -591 792 640 323 -586 -583 -36 104 554 -471 364 343 -419 503 -135 106 -1262 1223 43 65 978 -347 199 102 494 -452 682 -269 -112 -725 769 19 241 727 271 559 -769 -163 -387 -716 460 682 -341 563 -566 -60 392 180 -340 283 447 -1178 -262 -661 318 -574 84 -72 -48 -587 -847 -1121 541 -144 658 600 -837 734 410 627 255 607 225 653 568 529 -127 -184 -1041 708 -1152 267 58 -268 53 -321 492 172 367 3 47 30 469 473 546 -776 181 -356 -128 370 535 -1399 -1293 -769 -559 -43 547 -49 -855 341 -315 176 -432 601 880 -606 403 379 1753 -257 659 
600 -25 535 -965 605 -136 272 -801 696 1204 -35 -419 581 1711 241 -757 -822 -180 113 392 -5 -651 -1094 226 -753 340 1214 252 -946 428 -322 -68 -220 93 -584 -141 -767 -485 -768 272 -351 929 1390 1102 -91 903 721 496 1356 131 580 -1639 183 -514 -548 584 173 -148 -176 759 -373 375 137 1089 -709 -848 718 1335 -207 273 1032 -81 378 642 55 -898 -980 205 630 -28 -389 399 713 497 -544 -140 998 -176 258 1349 -1205 776 303 1189 55 927 -19 -802 -173 -191 521 -762 1213 -770 -358 619 37 -1178 66 457 573 -343 204 31 -774 249 -712 445 735 -153 101 67 267 273 575 -390 -162 39 141 -487 
-453 -134 362 -287 719 618 340 -413 1190 -91 -50 22 1514 -150 -415 59 643 357 939 678 -132 -353 453 -60 -326 -142 117 -562 -781 241 -293 168 1792 559 -1091 321 185 708 128 -325 333 -392 118 -974 953 928 -411 -388 -504 404 -86 938 -373 99 476 -568 502 -42 643 -410 -39 -621 -303 228 -594 -450 245 -91 765 93 500 -489 993 76 -413 -257 587 474 641 -150 -46 -306 -200 -367 1512 -117 -101 -70 -228 28 -142 -164 459 1084 383 608 669 132 1474 -555 256 68 1 -1007 581 -777 -1668 621 -427 -1070 -716 -135 604 578 322 356 -717 315 -238 444 -310 336 -304 -214 50 -80 -185 -1531 -64 -356 
996 -727 87 -395 -118 181 -181 1586 -189 -604 1159 -265 619 228 -507 1037 -339 253 -703 -251 -293 -370 -752 -1420 -429 -145 -379 -453 268 -656 522 574 468 -189 1887 192 -329 -223 -340 373 99 1070 1174 221 237 891 1148 -824 381 -71 173 -1418 -103 -493 -493 -304 -35 358 352 -1014 250 306 1038 -1052 196 824 -794 -616 -416 -1226 -501 952 15 746 630 250 -484 -1361 -297 -680 -1041 -209 -448 -781 699 -370 -974 1114 -755 59 -518 -108 -805 82 199 211 10 -799 5 -274 -764 981 -326 556 -373 -362 770 465 1006 -730 1037 -752 -458 -352 -982 -669 14 408 -508 -204 932 -619 504 -77 -1754 139 -169 1238 1042 -256 
1278 -817 -746 -1040 208 -84 -1398 545 888 -221 811 -1005 -1149 -48 -161 330 -358 -367 350 -1061 455 1730 81 684 808 -622 766 -361 312 1471 130 86 -1019 -567 -97 304 818 -1405 904 224 -558 375 858 -524 243 635 -671 -290 -1038 684 375 -653 -147 -688 -172 91 -51 -1175 -261 780 -301 523 354 -312 319 485 204 -44 -364 -1490 -213 479 -66 -69 -449 683 -1106 154 685 -344 393 48 -470 814 -384 -53 1029 -909 173 -11 -6 -176 -991 -510 579 320 -858 84 -396 402 -889 224 32 -287 -539 -355 118 162 0 -305 -580 -1510 -972 214 519 -611 709 -676 1536 683 323 -442 418 559 -755 0 -258 -273 -398 1175 
961 -229 -311 391 636 -260 -665 965 370 -510 569 -862 532 -1231 204 -541 785 636 -403 -1010 -897 -126 667 198 1775 81 -361 19 282 -530 673 -128 527 6 813 -443 460 -288 479 -237 -83 125 -264 -103 857 187 156 616 357 600 -184 539 -60 -120 -323 -87 -433 -1398 -212 -299 448 89 364 -120 654 16 -8 237 105 58 379 -787 296 -1276 -7 863 -1312 1251 -75 -937 -219 89 275 -153 196 349 653 5 -377 -961 256 -505 -248 -766 670 448 578 677 -200 246 -773 688 -269 -109 91 521 -990 537 -1120 -641 -697 -831 -284 623 934 -1827 847 150 334 -233 34 -563 -617 673 -223 988 -223 -980 -325 -764 
576 -777 -304 -689 538 591 -430 -103 519 -392 202 -289 687 190 -809 1278 314 786 -185 -238 -1221 -860 249 -1522 -569 594 222 -654 139 554 483 944 529 1169 -201 -524 -946 -302 -391 6 781 23 -24 236 -102 -79 868 -567 270 -609 -167 276 -877 -446 -358 -172 -667 568 903 -776 -426 263 -180 -142 -292 -444 252 -1029 -222 -264 -740 843 420 55 332 -263 208 -524 -493 110 381 -859 182 -744 939 -885 -1024 1275 864 -971 -150 -576 -1425 496 -607 155 -160 -8 -381 -144 202 915 -220 74 299 -445 681 1146 1607 -285 687 -1219 -205 -1321 -1543 790 -159 147 -66 741 759 -642 45 -776 -460 73 -52 773 -356 18 
969 -1090 -609 -801 -558 682 -36 164 937 -506 1230 916 -577 -587 -615 618 -79 158 558 -408 -837 1046 165 820 338 -922 723 -314 344 -301 389 -553 -542 -1195 -193 362 518 268 107 335 -320 344 1250 188 -398 697 -19 -22 189 1084 -354 -228 -517 335 -163 -167 -273 -585 -1015 -84 514 -704 -523 211 220 1023 -272 -55 -105 -456 -473 -480 -196 733 439 -590 -1016 27 726 -106 -839 -891 -12 735 -206 -31 334 11 -234 -569 -562 -214 104 527 20 591 -78 -468 368 -998 201 236 306 214 -527 -30 579 12 -348 -487 234 -867 -982 86 -5 -92 305 -240 223 -216 349 -242 358 656 -783 222 278 1274 -36 434 
-140 91 -78 9 -585 -356 1009 358 -444 417 73 831 -169 181 792 1243 44 292 538 1093 1351 -194 106 164 28 21 209 -496 -261 333 627 134 961 247 906 295 141 -267 599 -685 1397 652 -1 -712 341 -286 -706 32 348 -105 647 252 -398 482 1927 -1652 505 -643 -612 908 45 -178 -344 388 -168 -396 -91 -127 -394 323 -611 -164 401 -50 -343 -178 671 574 -1512 -1232 530 823 47 -702 -711 -1092 -419 95 74 -75 451 -328 -90 -424 -81 -370 -1158 1717 -1621 -120 839 252 -1342 1380 210 -303 -345 -2207 -401 194 -627 -891 -209 -208 -110 -1114 333 -63 -273 -465 -32 -387 -847 338 307 -107 -760 535 453 582 
-53 -107 508 10 933 -446 1585 324 535 1129 -1227 -652 912 433 544 -953 -671 -93 -73 92 552 -705 15 -602 -425 182 -659 455 -731 30 1431 1642 472 603 870 -252 182 -572 710 -399 -323 111 -573 -561 520 170 -652 323 599 -323 881 -120 62 -591 -891 -387 1507 -268 -335 850 -491 470 -365 341 -141 69 -113 355 -11 -594 1101 818 -883 173 -626 238 -1282 12 242 -419 -517 567 33 282 175 -633 678 -847 361 693 -243 909 -740 77 159 634 -789 155 -242 -562 -342 44 -2 156 -544 -182 -597 372 974 761 270 -33 -550 350 -38 324 194 189 809 491 381 601 291 16 604 -1513 -588 -1198 416 210 
325 273 135 -795 -512 593 559 651 -1 225 84 97 -464 -839 -119 -199 -569 -879 1507 362 1242 -30 397 -78 -533 67 -870 -91 -71 194 469 861 -508 -36 104 409 835 -74 437 -632 -446 638 186 104 -76 -13 -513 -1341 -55 370 699 723 363 1403 -857 -804 1181 -257 643 396 -322 204 146 -138 888 532 323 -148 -557 -1659 -675 306 5 522 -974 963 153 -32 -619 -171 90 1335 -277 -184 1259 7 139 -149 -714 385 871 748 -159 -249 -976 -1375 60 -90 592 569 -1927 536 -1621 -35 -245 47 903 790 604 -675 204 679 -133 -505 -20 531 -157 -441 -990 950 249 265 459 -1134 1021 464 -432 -790 -230 -600 
731 491 840 -232 -584 351 -1105 903 1130 175 489 794 -651 1047 188 -643 -493 294 283 568 793 -684 -1556 579 -53 -156 561 107 621 588 -188 376 -54 536 558 -349 62 -1052 -156 313 120 309 -388 860 -839 -619 1336 -145 -87 -1277 657 -302 1084 -276 -511 274 338 79 701 -404 -589 341 134 316 451 787 336 444 91 -115 -460 -46 201 709 206 -621 -544 -821 33 -119 443 399 -779 59 426 989 791 -226 -44 -687 -87 -43 31 1582 1176 -525 -570 -107 -129 709 326 863 55 476 17 -87 -844 164 183 -317 1038 -108 -484 -952 -1327 540 -870 -253 614 -758 223 -173 443 1378 -455 79 107 460 8 545 
-185 14 1201 213 -647 178 -148 -1484 93 528 423 -579 -1254 -100 902 -1140 427 84 642 926 -1072 -747 -110 246 -358 175 -534 781 -950 190 70 -474 -141 -229 -460 -532 -253 -568 1186 152 308 453 -350 492 -376 -676 -382 562 576 -323 -610 -220 -1353 2 489 -312 829 6 841 -302 193 -192 -892 943 452 516 724 80 593 1327 1088 460 589 -972 342 33 390 -945 26 558 157 -1273 959 -256 88 -84 1248 594 654 77 -818 -646 -307 539 56 1370 458 -48 -438 421 763 -405 -167 114 331 462 904 688 -161 307 285 1441 -527 1624 -118 69 -1142 150 203 1381 -1105 -763 -952 -832 641 396 279 -830 -111 -244 
737 -983 -885 -384 -44 587 -249 -831 55 867 35 -20 -205 534 -698 -142 130 -29 -172 -856 1225 306 330 433 -110 735 181 -350 468 790 -797 352 -268 -858 -714 110 1005 -220 -646 633 639 149 1188 135 -753 128 444 521 762 517 562 60 -803 269 195 321 621 -659 -286 -23 643 44 644 126 45 35 502 -176 -649 66 246 853 376 100 -223 934 -832 -614 541 -1660 455 578 -495 444 -213 -1134 -142 -6 6 -854 -373 -181 -183 1393 470 781 -402 -1239 -654 -280 544 -733 715 -534 -490 -827 -770 -518 -213 1982 516 -872 548 78 -722 611 64 919 -548 -299 -551 703 -541 60 -684 -809 275 -1097 536 -321 
-21 681 -13 148 475 812 298 -691 -988 -738 410 -259 -160 1654 765 491 1145 940 338 -238 950 -923 254 -930 -269 577 228 -579 -76 -59 -43 457 -153 -1205 18 957 -209 67 -429 997 890 323 -405 1019 51 36 -100 453 216 319 832 587 -147 -60 962 307 -65 -475 -690 -147 223 976 493 497 -734 -442 -1195 -166 -628 -122 211 -266 499 333 -292 151 468 230 -46 -476 915 -1015 -332 -633 1082 -390 -300 -279 -334 1650 229 428 -378 -505 115 -416 -639 198 188 -634 312 493 -1111 737 695 302 -20 244 -585 -790 110 37 210 2183 124 -390 473 552 300 -235 -837 -174 128 -1067 -71 43 322 -1247 -52 -266 
79 267 -283 -509 -82 602 -143 -1221 413 -249 -489 -206 -658 526 -759 -640 161 -511 473 324 550 727 268 -256 -42 -1398 -42 312 -20 805 -1009 391 -1322 -679 -2375 164 74 -202 -375 798 -550 -259 -958 2267 -764 310 735 728 283 -224 -197 1002 752 415 -560 822 -565 678 -286 27 -354 234 343 -197 -530 -1047 192 114 -193 -925 -225 -215 -469 -169 -90 -670 -713 207 963 135 204 -112 -636 704 -704 936 237 -837 275 203 739 -133 -364 194 -63 668 -131 -203 848 876 -27 -1308 638 292 -342 -873 -852 -917 -792 121 -941 722 153 -122 16 1225 565 -785 -130 -471 -667 607 -499 -336 241 -536 -639 -307 -2 -67 
160 -165 570 -827 530 -134 5 163 -1174 330 91 693 7 -717 353 483 -911 -47 1060 -333 11 172 -560 982 145 -512 -228 -208 -473 -324 444 397 532 -190 679 -268 89 481 664 -1196 -369 -564 533 286 -256 1544 463 65 1096 -868 -275 -116 -647 1040 364 73 527 792 671 -881 329 343 -794 1310 1290 507 -371 509 246 816 -205 -967 618 -209 214 -234 -922 -208 -573 -912 -827 213 342 93 -522 -1168 1196 588 -273 -391 -894 731 733 348 -266 484 459 -141 614 -104 174 21 64 -114 326 155 1250 -135 -284 -236 695 135 -196 -815 -480 -1716 -340 660 -1190 -467 737 392 -51 -825 787 -416 215 492 519 -1333 
423 -217 838 -487 -122 -734 -427 1044 -1593 -1360 -281 -1314 262 -558 65 449 608 910 -1388 -339 52 221 -166 -1511 126 -752 -59 -278 353 109 180 -93 991 -1920 -154 1036 -159 218 -618 -429 461 165 -777 1888 1605 1066 -112 503 -443 173 -805 564 -688 -662 267 1801 -354 902 535 -1490 -512 385 12 749 -39 947 -1905 219 -137 -780 -707 -425 1023 -66 474 454 -425 255 -221 -228 -176 -119 -150 -525 553 -1200 -753 270 -1122 220 361 1010 -1019 -1302 -252 -963 -1141 717 -643 -1079 101 86 -1443 156 702 -179 923 -152 331 -95 -381 -733 -287 166 399 -1347 1601 178 -244 -623 -40 -87 228 -1139 1234 -624 269 -824 -664 -1061 
553 404 -453 -717 1015 712 -833 77 -277 -691 315 558 -535 -1176 -232 591 -410 733 209 -544 190 999 71 88 -249 -1546 189 477 357 453 -630 771 -158 -581 -1894 -350 790 219 -53 365 -740 -1552 -972 548 -583 1294 -100 -465 -1062 -921 -955 1255 -846 -28 -917 766 -656 669 60 -974 -726 132 -264 579 327 200 -1001 214 216 141 -981 -658 57 484 780 -13 -575 -563 1153 -281 -45 77 -2083 229 721 769 1387 -947 605 -208 150 539 -501 -74 -390 -682 -579 21 656 -821 -310 400 497 -588 629 -444 -290 1128 -1323 -616 -735 26 609 -361 683 428 781 -1 465 -1190 -547 1436 236 -99 622 -140 230 261 -94 723 
-320 -197 -272 221 -305 418 -855 469 126 -1015 -627 -83 227 1138 -91 -307 132 0 -1206 -451 -202 -433 584 -515 496 -57 854 157 89 624 2 797 261 -53 -152 789 449 -248 -243 491 289 -816 213 1195 -158 -446 937 -349 922 336 128 155 -336 -97 -207 -201 439 -346 123 429 6 589 -42 233 206 61 319 1122 82 -75 226 -269 153 -509 505 -173 -850 -358 75 -913 -318 232 781 -439 735 -790 -47 285 1101 540 -229 677 -1375 553 -484 207 -877 -644 -192 33 764 -676 1109 285 837 -578 562 -39 -224 638 988 -872 -457 425 -545 364 427 -243 812 -321 507 -405 133 364 1065 -842 201 -804 12 330 
1384 -1149 -331 -531 -330 -695 -845 1080 -9 -457 552 -1218 -146 -236 -406 -37 1059 -758 -270 -527 -157 -46 167 205 543 -532 -199 41 588 728 908 -207 -633 -609 -170 56 441 333 333 747 385 676 301 -814 491 791 -510 827 -5 533 -508 -199 -1019 -476 393 -271 381 -761 1033 724 358 -404 -863 248 59 1883 470 -176 -430 -471 -707 -938 -1486 174 365 130 -965 63 206 -357 -653 -177 733 533 -62 -700 -358 418 71 -78 -244 124 -1104 -946 -136 476 -470 -432 -295 -161 -466 -496 47 -228 232 -140 792 655 252 227 341 -541 -494 583 -374 -56 839 -203 720 305 617 -968 153 27 323 -485 -80 -163 -171 -230 
-1465 991 275 419 -38 -155 -372 -1582 -160 -246 -507 966 -427 -5 14 -149 -1135 -1372 904 -185 408 951 -1185 1291 457 -992 154 -986 -775 -783 -424 2 -560 109 903 -300 116 -381 -25 -894 -760 -446 729 -61 -261 36 -684 -191 62 -536 579 -188 254 972 616 470 -417 433 -105 496 150 509 -266 -545 -40 -752 245 709 448 -1097 85 100 338 -774 -699 -622 45 -86 251 -256 -493 1178 21 13 -2 18 896 -313 -632 876 630 617 1369 6 -94 -512 -3 -1091 1037 231 162 -241 -166 -487 -53 -249 42 -1112 -427 239 -462 82 -252 -583 -461 318 -41 270 -145 466 438 192 -834 -1101 -100 120 1172 584 318 557 
-311 209 -59 -179 64 446 1004 -405 778 -264 1024 212 710 454 1091 -1077 558 381 -516 414 118 -1147 -248 -238 -649 -305 -232 167 -135 184 158 -171 -399 -597 269 239 -177 828 34 557 844 961 391 -165 32 760 99 263 669 59 -100 76 -278 -220 -121 -1086 704 -342 -366 -129 -18 -1080 328 450 -481 453 -717 -38 327 774 -438 -388 -763 726 1333 -666 678 -134 -317 334 653 25 -151 631 -421 356 270 -157 742 166 -222 -25 220 930 -212 753 915 -1466 -220 -390 1288 -483 1003 698 -504 51 -2387 -627 366 639 21 285 894 1404 -146 1091 166 -243 585 23 -212 596 -24 190 -743 -853 -411 -202 -274 -928 
-7 -671 39 666 92 -76 1044 -663 -1149 -186 -682 1042 -471 -312 442 426 -1612 1556 -1187 -495 699 96 -543 33 -716 362 -65 -575 -801 -794 -926 -498 242 -62 108 -117 245 -91 -163 -316 -201 332 -311 1184 -8 669 229 -240 350 -1778 -134 -477 -407 -382 -1103 1010 -948 728 116 569 -542 101 134 1077 -336 -955 -229 63 -100 1041 -183 -597 140 -506 21 800 847 15 334 -573 176 119 -753 -314 -1174 228 134 -93 163 -843 51 -87 -468 277 -1209 -769 -621 -244 -591 306 -36 -52 244 116 537 192 -174 -827 786 802 887 839 1294 -521 290 604 -106 -652 -470 -105 156 -377 -484 -701 267 99 870 533 966 4 
201 346 957 349 328 -212 -921 -161 92 -365 -221 547 -1228 811 160 -100 46 739 -101 -1260 -694 250 372 -96 1192 -304 984 44 -284 452 530 -783 76 -875 -200 1000 318 835 1706 -204 -434 -1511 -238 -619 -94 -917 -1282 192 -1109 138 408 842 -34 910 2016 542 -337 -689 -371 -211 668 174 -111 -27 -284 -547 -930 166 -299 34 -553 -96 672 -835 -501 898 420 248 651 -486 317 304 403 -898 29 212 -797 219 144 -99 -902 -33 909 -366 564 -463 756 1225 13 78 615 660 -400 -830 890 359 295 830 -743 -948 -1419 568 327 941 236 -1271 -345 1415 -376 30 419 -308 -378 -812 151 485 -258 -218 735 283 
526 -891 -521 -572 844 -320 31 365 666 -541 -152 825 -86 -846 15 555 -229 1176 893 476 574 361 558 -808 -719 -1043 -552 -390 -292 294 -234 428 1208 -854 -162 -274 774 408 -170 -327 -353 -365 -421 103 1102 466 151 -845 -600 245 -313 471 -433 513 159 -381 -196 -201 -760 174 -636 -296 -192 863 770 446 -515 -490 346 -203 42 -538 703 529 -295 477 -60 1063 807 -1278 -101 536 -641 444 1143 -778 16 -665 -54 -113 783 -54 250 -1091 160 -1074 -867 633 968 -969 -906 30 -1611 -1091 178 909 -992 842 -841 -751 200 -383 -233 34 1274 25 -191 292 839 -136 1051 839 -262 107 374 225 320 -926 -683 -178 
312 -271 -968 693 375 -137 -1386 1111 -100 -1281 -646 -505 681 -940 -599 1067 718 -607 -322 390 -98 700 147 648 -11 -428 746 -145 151 -289 -111 164 397 -343 27 584 349 -44 -735 -213 451 -606 -623 -456 743 -211 -292 -510 -211 249 -492 373 -177 6 43 460 233 -348 356 186 -574 325 144 -688 404 303 368 1001 462 -1533 -952 -539 -97 126 -139 -571 2 647 -52 123 358 118 57 -206 308 -81 234 979 -473 -353 732 1144 -870 912 441 388 -96 449 -547 80 207 -394 -628 146 1315 243 -257 -522 -708 122 -397 -665 824 -174 78 -1099 874 -696 -528 392 567 1083 -194 -313 657 -192 135 109 -183 -203 
83 -108 1072 270 -1390 929 -414 -632 -289 -888 557 -235 -237 -238 -694 267 1108 111 -617 574 -670 -207 518 189 240 -41 -313 -66 807 -53 -858 -235 -1121 -958 -968 190 -46 1100 -1127 804 -365 -248 -672 624 -168 -615 525 954 -430 676 -103 1416 -1187 -546 -434 1299 -110 -26 718 -1101 139 110 -591 -164 5 183 102 525 -1179 252 293 269 -259 505 358 708 -200 -813 -13 -362 -485 -898 536 -281 183 -146 -752 1651 117 -531 332 423 -685 834 -1 -480 854 -443 198 255 11 -720 -550 -288 1468 -350 58 297 -243 818 900 712 -468 1142 379 1115 504 537 -1108 1331 -802 -1109 468 -684 -74 363 803 -557 -468 -60 
-160 158 -677 196 220 306 -465 -277 -28 -622 1217 331 232 -296 -868 1079 669 -174 318 261 -963 223 246 638 -209 -493 -568 273 -859 1587 -496 305 -976 294 -1497 237 -31 394 -578 -396 -480 -170 -882 400 798 -397 1104 -506 662 -14 -380 269 449 277 -495 475 -380 1055 307 -468 -719 68 -684 228 299 -437 127 357 -148 -40 325 432 -262 -317 -133 -714 -127 98 108 416 -61 -825 -717 55 -391 230 1375 458 431 -88 371 -615 -355 -456 59 386 464 259 153 484 -72 -91 585 977 -684 -234 136 -678 -1990 508 -229 -677 377 -421 458 723 94 -708 -550 144 -326 373 -818 857 670 853 422 1179 645 -208 
-15 128 -688 148 -30 115 -468 -423 -502 -624 -315 534 -761 -210 -444 169 1133 -936 149 -91 -1281 -356 -178 486 350 181 -22 212 -91 644 -96 475 -240 -464 -592 -768 -161 518 -107 -16 -366 -768 57 -451 -310 298 12 -477 76 138 -231 609 -607 854 505 349 -1016 529 -395 370 -349 -220 -509 31 202 -512 -223 1358 -36 52 364 -745 767 -1530 -102 -250 366 -591 -134 443 -233 129 -150 -1124 484 -511 -213 951 278 -36 -945 -199 301 -465 205 -388 -124 -12 333 490 1062 -1117 6 -422 709 259 585 -39 -520 -299 430 423 -406 -230 -376 -76 54 -57 289 213 -558 -86 -425 -319 495 42 979 -391 34 -492 
91 67 -461 -232 -202 774 -215 144 275 -103 277 -184 -21 32 458 319 -282 285 -93 868 -466 -877 79 164 -503 328 6 640 -203 830 118 212 232 1002 -577 -373 -82 13 392 -164 -574 -863 -1682 -87 620 -1162 872 -243 102 -148 123 351 439 578 -36 414 -802 1429 -14 -987 -1014 83 355 702 524 -804 -13 -650 -160 918 250 -449 120 -811 -118 227 1353 -183 -536 -444 969 -646 -462 54 -777 686 63 193 1022 171 187 -715 -40 -620 -238 -685 -555 810 -76 508 549 55 -168 566 673 786 74 1049 116 -238 -383 1739 335 -979 -514 799 -577 -582 527 -106 -84 557 255 792 634 161 -528 616 -339 -61 
-342 -521 431 -506 882 -506 504 -676 -674 -904 206 -18 206 -1398 -751 76 315 -409 296 -117 -462 458 167 295 -240 0 -1140 -567 302 -223 -720 -544 -574 -1068 930 -49 72 1267 -282 -1676 -464 419 893 -395 1458 476 -304 -510 -143 555 -440 -148 -1018 -48 1494 -774 -176 47 7 -351 111 -437 427 557 408 -237 -163 97 615 406 849 -638 461 -737 -486 44 174 509 479 -1315 -606 910 615 357 -637 -1316 666 242 -175 -338 1007 -676 1189 -774 -360 -173 114 721 748 -63 -262 -1033 -819 -1313 -480 246 93 -1147 -338 394 -112 -456 -477 -555 1464 -1011 430 1845 -849 740 743 693 -1329 -996 18 -577 332 -60 803 -945 
278 -10 -560 29 -725 1149 455 417 130 -939 760 1097 -341 -792 137 -1730 893 27 385 -357 -152 -389 321 -409 -802 394 -756 1 589 8 107 -771 25 -853 396 1035 392 355 161 100 358 213 182 514 957 474 -642 -156 176 1525 -277 -76 194 -534 -1350 -820 916 -498 -761 562 -56 -335 331 1352 281 897 329 222 -183 -127 522 -308 -48 -50 726 142 -174 1032 310 566 -97 -338 -103 490 1048 130 141 -1494 36 753 551 611 -327 962 545 -336 217 334 962 266 -9 -1004 -722 -51 -89 398 212 1152 174 -71 316 816 667 408 1532 273 809 548 -425 143 -472 868 135 -440 -336 -89 -104 50 -370 47 
-1188 220 335 -250 584 -38 -210 -1635 -1308 -201 -834 75 -255 1022 335 1147 -510 -100 -149 -811 -559 1460 306 609 30 -482 792 292 566 362 -894 -116 -157 -35 -1510 -636 -331 195 -712 252 292 -1361 385 630 -1299 1156 -63 20 249 -990 162 -438 -439 221 -152 1040 -1370 1079 -105 -581 525 257 -862 -102 -1477 -369 -405 642 -72 676 -958 100 -342 810 516 -1136 -371 138 679 985 -658 -314 -961 274 -129 606 -99 -32 272 18 -793 -259 323 -999 -307 340 683 -179 1289 -996 23 -244 693 -360 -379 -499 703 -566 -587 812 -175 -664 264 -846 -295 -553 264 -290 -350 -420 -1114 -151 -145 -376 498 0 1242 771 -239 128 
49 254 663 1119 521 -13 72 262 88 -288 -443 565 180 -455 699 3 -820 661 561 479 -336 -594 -996 763 122 -429 -123 -990 -344 -1357 353 -327 267 -921 1442 -40 197 -62 632 -471 285 -451 4 128 1064 483 675 488 245 -314 -458 422 -958 342 1112 -420 285 -350 239 -233 -308 607 298 -166 903 1286 -464 -581 771 -448 180 -702 -2 -165 -31 -60 153 693 618 886 1202 212 -547 573 -118 817 844 -889 -1106 326 396 2 321 -163 1292 -583 371 468 175 -566 -652 789 -959 106 450 1482 -198 -134 214 -746 -762 7 320 733 585 -1303 -355 -363 328 -189 694 733 -697 -268 -610 -226 -245 -337 -105 -193 
191 -442 264 28 -767 479 443 -1058 483 1171 84 -626 -725 637 31 -456 -437 47 -485 998 -428 -594 4 382 339 921 535 -243 -481 -1580 -200 -1035 516 1037 181 253 -1030 -215 -649 33 643 951 840 595 -1419 283 -498 -532 -64 169 -216 -76 693 272 1001 -513 1076 -77 133 57 1274 -689 695 -531 -345 -327 -803 902 44 681 638 279 856 -410 193 -169 -133 -156 -795 148 677 336 944 -900 -580 639 -1407 1170 24 489 -939 -171 814 234 20 -161 888 -291 -1558 418 480 484 504 849 -685 -660 -253 -1106 708 -1085 -877 1142 -285 29 125 1202 131 -181 154 -490 -673 -1721 539 -747 4 -167 -332 -169 -540 520 
-464 -540 80 618 -275 264 593 88 -891 1077 51 -112 113 -312 649 -138 -536 116 -547 -269 248 -95 998 626 -96 748 -926 260 -749 -48 210 -822 -157 -634 459 1432 121 263 816 -1074 437 746 554 -1182 898 758 -512 -199 -492 379 -285 116 835 318 1193 -686 1136 -626 -163 795 377 23 758 -435 577 -137 -430 -795 -625 132 1152 -61 -668 -873 -794 1562 595 807 -362 -404 339 -98 931 847 -1057 -1040 -864 96 -284 -205 114 -6 -380 295 36 77 217 -33 -670 -434 -408 -192 -77 -17 -628 -754 -783 -1147 694 -635 -439 263 -50 494 614 77 594 814 -160 -531 -61 -33 -54 490 104 -488 -594 -744 621 -84 
-687 864 197 1153 1094 -306 -23 438 -292 615 -693 -562 713 -998 391 -589 -165 -1330 -487 692 473 52 62 614 242 -20 56 -17 -248 -853 -16 290 407 1137 832 28 -432 -222 14 814 588 290 1609 -1585 -479 1058 -80 92 963 -463 398 143 914 1108 506 -37 360 -367 -726 -188 382 143 1405 -802 -1064 88 308 225 -87 -679 288 -89 1352 -635 75 -458 247 139 639 330 760 391 -132 74 -493 -333 94 -474 -304 180 27 366 531 -702 314 362 1211 832 -609 -594 128 697 187 34 -467 -240 -117 -1339 173 -1 -1883 -706 261 -218 78 -1493 -276 -561 -187 -309 -260 1064 -840 -106 -1128 28 217 1173 482 507 
553 269 95 449 312 802 -65 1266 -113 397 -127 -338 164 -266 357 171 -194 -96 -797 146 -1242 -118 10 1170 379 -166 834 516 235 -825 619 -1167 1006 -549 754 89 -134 -142 248 -293 970 288 1392 -1140 572 1206 -89 -1100 339 774 -872 -188 -549 -165 1064 -1107 712 -198 418 -1043 164 81 988 79 -359 880 -32 801 468 121 -475 -1098 646 -642 8 -657 -387 266 -1106 1027 144 135 244 -223 -501 -123 -146 1395 165 106 -1316 -658 403 694 475 86 977 513 -998 -361 207 62 719 -487 -185 301 937 -1075 -95 -1177 -529 80 -168 564 -359 -878 349 -438 406 -572 590 218 -954 238 -218 -385 -929 980 122 -372 
247 -169 -389 60 823 -893 -443 -988 132 1274 -1278 -1245 74 78 -546 -823 -510 195 -153 285 232 252 -48 -222 -952 -66 152 903 -803 1447 -388 471 -496 1106 -1587 -1184 -829 -402 -721 -212 -1005 -146 -201 434 396 -1304 65 -164 311 53 76 -971 -388 -249 -357 1160 -50 1080 319 -730 -1158 485 -214 2 15 -827 456 -446 649 441 1212 1030 96 -266 -789 510 -153 -522 1094 -529 -144 -746 -267 561 -467 -919 1623 -350 811 -312 14 -73 -216 -901 -158 796 -1242 -375 -766 -10 -933 -706 1341 -838 -605 449 -179 462 -338 1701 -369 -668 -91 -1053 -755 677 -841 52 555 324 271 734 -549 1078 817 -29 -50 -155 -25 258 
-825 -1018 -379 -322 42 271 765 -888 -1149 -516 962 813 158 466 -1256 251 70 -647 562 -483 1806 -585 -652 40 -134 -138 604 -818 -130 -217 -8 814 -169 389 1259 466 276 30 -69 1196 -240 322 484 -489 -1240 1522 311 892 788 -734 1072 -501 -566 -340 380 138 1185 -1437 -115 622 -133 81 -31 -25 -842 200 -241 226 -1234 295 527 -173 -146 509 425 -1016 350 348 -151 -524 -300 -514 761 -376 -117 -949 -644 633 9 106 -367 355 1289 594 184 -425 1343 -881 607 -433 387 -501 327 -259 943 -248 -297 104 862 -77 207 933 316 1228 39 308 -26 604 -475 953 940 374 671 -915 -1217 -474 817 395 528 -280 
829 978 -521 209 740 -49 -1725 93 411 -637 611 -72 449 -160 319 1044 -1086 344 -335 607 -938 -363 -260 483 -240 -50 554 413 -568 27 -1088 -486 16 -310 -216 -569 224 -729 -1256 354 -259 -1003 -206 71 120 560 652 115 -586 -234 -294 -584 -929 -298 -525 830 -913 196 -67 345 -1176 917 -222 17 324 -1034 -349 -48 466 -397 -181 82 469 368 -121 164 938 407 699 -206 1080 -148 -205 -298 44 -87 584 12 -281 546 217 204 -723 -153 383 333 -380 555 -148 -1099 -277 602 95 340 363 534 318 -15 -368 -402 -291 -522 145 -27 211 125 -311 -465 780 -401 -735 -24 -115 911 455 640 764 450 -641 610 
-71 967 1043 1476 -307 94 147 1160 200 -498 9 501 767 -30 533 -71 186 726 -489 -742 -663 -916 -238 -196 -916 424 -280 200 -629 -59 -257 -600 448 -1268 -541 1243 -362 634 50 -443 156 355 -146 -426 874 209 337 198 -856 28 -553 621 620 830 231 538 260 1021 811 -296 -119 631 -457 119 92 363 -608 -473 2 187 348 -714 -310 26 424 579 614 854 311 456 340 -765 18 -1052 613 -186 -556 395 -1329 14 -73 228 -20 257 612 -1373 186 -119 405 -764 -124 595 -758 382 695 -34 -146 -225 -597 -917 321 216 641 467 327 -316 53 576 -941 -1124 -508 272 -281 618 547 -62 -851 -351 -66 -378 
1047 -1550 -433 -922 846 748 663 -11 -244 -869 -527 44 -853 -896 -724 -375 -317 580 177 200 -793 966 694 -300 749 -365 285 181 690 -263 -257 -497 28 -717 -160 543 911 -224 -411 382 -474 313 1071 598 -653 587 -717 340 665 980 -548 -35 -534 525 -953 -93 -457 -826 -578 1044 -361 -674 246 645 300 -522 398 -391 -181 -53 -837 -879 207 -616 -1157 827 -1086 645 1166 -800 -318 -130 -208 -422 386 860 -116 -903 563 -493 -542 548 -888 423 -1800 -573 779 307 86 -780 -741 453 331 -648 -176 263 9 823 28 214 -642 374 184 -152 -65 -211 806 -372 -367 6 940 626 236 -98 399 964 -110 -253 15 -353 
425 -92 13 -826 1377 861 544 -1358 -340 -308 1312 -491 -30 942 -254 79 461 -80 1630 424 -303 -739 -140 -86 816 298 228 -462 -57 -513 233 -20 60 -234 723 -523 1041 80 -767 71 1125 702 647 206 -489 1276 957 677 1758 -140 -10 16 -562 235 1093 -1028 150 -493 -20 -550 333 191 653 573 -1166 -536 438 257 -632 -214 -425 -440 325 -419 -729 -782 274 947 -52 -591 534 -464 433 -308 -198 -430 293 1068 715 64 -484 -629 117 348 -234 499 1229 -285 -128 1 242 751 -355 166 -67 -421 -437 977 -980 -234 -580 227 571 1176 -791 -225 -734 56 161 69 624 -30 -1152 -678 -1241 889 200 -300 313 -1230 
-970 285 551 380 279 -267 418 840 -925 -321 -920 -410 496 -790 800 201 -205 -695 -252 -448 -867 -168 759 -246 751 -348 -403 -546 423 -585 600 974 965 538 865 36 272 -178 732 -677 840 33 642 -768 157 962 -21 -872 741 -551 -769 515 -439 417 443 -1140 522 407 818 -1564 -30 485 5 -606 -172 492 38 243 -506 -629 -879 -274 -496 -993 407 -690 -697 91 -1674 -99 -112 916 511 -798 342 -412 -554 1335 556 -313 430 -506 -1016 27 -558 -213 435 598 -53 307 32 501 -593 521 216 -846 567 -335 617 -484 -522 -81 -1220 -1170 -113 -704 1014 -868 -388 -332 955 -244 -807 -517 24 -28 -1127 902 145 550 
-1078 317 333 574 -253 215 578 452 219 -205 21 229 -156 -1045 -227 1130 -534 8 -441 -215 -153 676 8 1209 424 -562 -243 -293 -472 422 -185 -67 366 -1065 -932 428 -29 -227 534 -1426 -38 -73 515 -258 878 95 -879 -579 -743 449 -380 1171 -99 617 -452 125 -47 247 249 600 9 238 -33 -571 405 143 -581 609 781 -603 -388 1 -218 -602 -412 93 294 311 -717 859 -131 482 -397 -213 -30 -643 432 153 -130 647 189 625 -963 -68 -631 -1108 -285 -270 -856 496 369 611 146 452 831 -416 540 -1296 -406 -553 -648 -702 243 695 660 -154 684 -1039 -227 337 -258 -304 248 -851 936 -265 317 -370 -288 977 
-95 270 -599 447 97 -108 -1059 334 190 339 285 -288 986 -21 -10 -97 267 -1660 -661 -621 -283 172 1175 -640 -675 628 -359 451 -12 362 -382 37 318 69 685 -279 699 268 -255 517 239 -1054 114 -1500 166 -238 -579 801 -59 728 -637 -410 938 209 191 -243 -311 653 -69 498 -122 191 314 -877 -755 -288 1048 -1056 -379 -710 259 1217 -524 1237 -25 836 636 -290 680 -201 -799 242 838 157 788 -810 -2114 -129 223 -398 -1145 226 -248 -14 -126 1370 826 -528 1129 264 -531 -703 33 57 -441 -130 197 667 330 787 108 -53 294 736 36 -462 -1380 447 -1502 213 -212 128 373 50 -736 206 681 -9 -114 -147 
933 -249 959 462 294 347 -1158 1107 245 -465 132 -1417 985 -768 -82 631 -192 561 -838 505 -490 78 301 -188 399 294 -109 -250 -149 -227 -435 -641 469 -49 -110 120 -238 -546 -988 184 -10 567 734 1285 795 287 712 -62 858 604 -200 182 -373 -219 -428 784 -952 90 916 -1134 -415 474 899 -126 -468 260 -434 115 812 -402 90 -33 1836 -312 -505 478 -443 -842 -170 -233 -483 -693 -270 -436 813 -735 -503 940 251 -496 440 -303 -947 -450 -441 -386 451 689 12 90 -1270 372 -153 -334 410 305 601 -144 -157 -333 375 -1049 -474 378 71 -482 -569 -379 -145 626 291 -357 -1130 386 301 757 56 -399 -4 -114 
627 -481 -612 -692 704 664 -775 -639 565 402 -911 -769 -49 685 -358 -496 -102 694 -124 -925 161 -432 879 -32 -513 863 -469 249 553 1693 178 -69 -561 765 -368 232 23 -386 191 69 271 -276 -309 209 -475 -262 529 -129 -117 242 790 -24 581 -463 176 -14 185 -1265 -15 -376 -244 121 809 -215 -465 -775 400 -1382 -467 -433 151 1278 -765 1312 -715 1527 -634 524 73 -305 832 235 -216 562 217 -296 -402 -525 145 -1237 300 -253 -355 916 29 1594 747 -1093 -434 -433 -1584 -136 425 -992 -509 -322 -842 692 473 41 855 -1312 893 -294 -761 511 -728 22 97 274 434 1123 26 118 21 639 -118 -1589 -849 -317 
-1108 -159 264 68 -1594 905 1147 -544 -229 -136 994 506 -466 1266 -74 340 208 27 215 952 796 -341 -164 36 -236 86 -975 -145 -360 -712 -278 -662 591 -367 -470 387 277 410 117 -521 1550 412 -455 568 -746 437 -310 -117 164 658 -1173 924 -567 162 -17 -698 767 181 187 -90 1125 20 -153 -903 155 714 -494 203 262 -512 2 92 -747 297 451 -615 1044 -164 -792 1139 262 -791 90 -242 -359 -21 -854 1133 -403 853 10 207 -6 1026 181 -66 580 -908 -610 811 1591 -753 189 1429 569 -1475 -7 -606 110 -178 -167 1383 912 990 -39 1230 223 -425 -1342 303 -593 -1099 621 -681 -341 -405 228 -724 -418 -158 
1020 -1131 -627 157 -180 898 -115 46 -507 66 -434 -224 -41 -121 1224 -133 -253 602 266 -244 903 -362 38 -157 336 295 280 -186 8 -229 32 207 -907 539 -160 285 725 343 173 1236 -87 -350 485 627 235 -559 -82 129 636 -293 288 -404 -295 668 -1292 841 -626 -271 148 421 -336 -485 282 184 59 719 -479 -343 -799 314 -71 -190 684 64 -86 758 -614 -1207 893 -135 -147 119 -679 732 526 940 5 -1154 194 433 227 855 -563 195 -713 285 -467 20 455 -683 -53 -178 678 195 -523 323 -819 610 629 479 74 -100 481 -479 -118 106 110 -68 -38 -1024 -439 203 -170 417 -146 -333 682 -265 1142 -120 
219 -862 -64 59 -10 994 -228 948 -53 -1203 940 -1073 1676 -306 425 -57 1314 452 -1298 308 214 -315 -181 -52 -530 -320 -9 81 2 262 -135 426 1205 -284 368 410 131 27 -95 728 1018 263 680 1020 340 1263 459 423 1230 -253 -246 323 -1056 -1280 -909 155 72 853 2456 -493 -20 92 -56 620 -500 537 -150 589 4 809 -195 -27 230 -244 1075 -265 -200 -423 -509 723 99 -1640 390 138 451 -1501 44 1458 124 -1163 -911 88 -1172 1270 -119 578 -437 -1057 -343 -608 1137 -695 757 647 877 -655 -588 -555 -244 260 803 -212 357 436 -743 128 328 -413 217 55 -88 -613 541 296 -94 -377 275 -770 -275 -837 
-1840 1117 1547 827 92 -734 1063 -391 -232 368 -327 -63 141 1029 1264 -36 -1412 -82 -70 -438 339 74 -1290 988 -11 -165 517 98 213 -430 58 -708 500 366 -224 -600 -698 -630 532 33 547 -189 742 656 -762 500 -251 377 -720 -801 720 -260 373 72 959 290 -723 310 -623 -400 636 612 71 -954 -729 -296 -555 -207 808 604 -203 109 137 250 -4 -217 642 -367 -493 1501 631 267 -1207 89 -417 1347 890 -1095 -693 621 29 -461 1490 64 1106 -837 169 117 -608 -370 101 1007 870 -57 -25 247 -502 -2288 -426 -90 -829 -1010 758 -381 -277 -813 -472 -545 186 -1092 -381 29 206 -207 -374 151 632 817 168 930 
325 582 -230 -809 97 -1307 -898 354 -51 -850 -533 876 -1533 -321 780 -327 -38 56 -64 123 -1069 1958 -198 143 734 -484 859 174 737 -210 -681 -258 -412 425 -349 242 -112 -890 81 -809 -257 312 -784 -1044 198 13 -1620 -703 -1277 73 -329 166 47 -706 -751 290 -586 -236 -791 355 -607 -730 -487 535 906 67 542 823 655 -549 -399 -276 744 -837 107 96 434 555 -98 -138 490 505 985 -725 968 616 -393 519 271 363 472 -70 -214 -322 -325 -58 212 65 50 534 -40 -61 -1074 -933 198 -655 327 285 422 728 87 -336 -649 -1026 -395 -66 1286 -989 788 1183 888 -765 364 491 578 468 45 204 -1140 736 
-39 714 -1174 252 -422 -399 443 3 398 257 1183 879 -450 -862 -360 -32 533 -784 644 -607 -1222 -1485 -15 -262 217 120 -29 495 -396 345 696 719 -877 -588 568 -336 177 -183 435 -609 -781 -527 -978 -453 1019 -1512 443 472 -873 21 433 595 -224 -231 -1283 417 -305 -356 -612 -122 -1044 -59 -937 66 2231 -1109 113 105 -2 -125 1124 -210 -215 421 -244 834 817 -183 252 143 540 116 545 -502 50 1049 1285 -163 151 507 873 55 -91 1014 1042 216 24 1204 182 107 596 265 -522 -613 -691 301 966 503 -81 -879 -96 511 65 -848 616 -531 -342 471 -340 214 -953 74 442 -1111 309 -267 785 517 668 178 
327 -27 -826 -377 -177 516 491 -340 -132 -111 1184 401 -346 69 198 216 395 759 -225 -237 72 -299 624 -241 270 373 -217 -187 -369 -57 261 -75 -725 936 87 541 -283 277 539 1553 487 124 -36 -87 -696 692 387 -77 814 -781 30 1 351 266 -339 120 -294 -533 -104 -267 469 -453 362 -158 -289 306 -805 102 -612 1099 -319 374 473 299 496 326 7 -624 -1175 228 419 -676 -1139 52 99 718 -519 329 138 28 -71 -494 95 -467 0 342 411 43 -326 -857 190 -85 -32 670 -33 -188 -333 236 -733 -298 40 587 814 408 -179 408 48 -94 112 -558 -552 106 -396 743 -661 1333 -108 383 265 -382 
-472 1513 175 608 172 -825 -117 -799 -225 737 -38 164 676 434 1622 -33 -417 1068 892 664 -92 28 -996 364 669 340 809 -267 -1287 -780 -474 -1364 293 411 -31 -686 -980 335 -551 278 124 -855 20 -455 277 -375 -207 719 -710 -38 -947 -358 605 376 73 733 -818 848 -332 -77 -72 -185 -286 525 -812 -1049 273 -541 759 915 -349 -462 865 1084 -136 110 515 854 -1147 998 642 31 203 -261 -221 1182 734 -796 -1022 633 -455 634 943 -294 -277 -180 266 961 -280 -571 141 696 -608 214 617 1302 -241 -471 -1359 -522 -1360 -429 288 -245 289 -569 -504 -264 -367 -729 -437 -291 -472 600 170 2369 603 932 -783 -276 
-68 -146 -747 634 -8 -190 -422 1485 -405 -582 -652 1480 403 477 368 -277 -569 150 -1011 -986 855 772 -643 -647 -710 -890 -472 -1016 674 -800 -936 979 41 -711 1507 1293 692 546 -48 358 -30 -307 160 -391 -280 220 1045 -765 45 -1568 611 -649 737 -97 -363 -93 982 -510 337 -517 -368 334 425 105 -163 829 46 451 -932 -510 306 489 -293 497 1360 -74 -398 792 11 -1188 -662 1759 529 -210 21 -335 -311 59 -706 -773 360 191 489 343 793 -332 183 -582 278 252 -164 457 171 -655 388 -303 -1298 -294 -289 -162 324 -333 218 -434 201 -1075 -34 624 -475 -1694 1313 640 287 855 -1479 -442 290 467 605 -30 
-310 1778 430 -212 1053 241 716 -1 493 414 -115 -574 -36 -71 875 -198 -776 -487 761 707 -640 387 1060 -947 -108 570 -2049 164 -1479 -370 -334 171 201 207 682 -630 375 285 223 -1306 -409 -217 -748 -687 929 82 -451 -992 -365 423 -373 -492 38 -378 -396 -866 -249 -340 -668 -1772 -1055 -978 313 -912 399 391 -334 724 1173 833 1819 121 150 -917 -447 -441 373 62 56 -101 -944 332 -180 326 -106 -391 208 -424 1099 590 1187 -697 -314 -1321 -825 1132 -707 1428 -289 236 -403 -474 -742 -530 -802 415 309 505 -794 -630 -244 611 -701 495 1004 -510 -100 991 367 -335 -458 496 -1442 536 -113 479 -883 -1364 71 624 
799 288 710 622 981 -658 -157 -48 821 522 306 -888 -590 47 -109 -222 155 1492 -1076 -702 -269 -834 55 141 -95 238 -307 273 -1492 -458 -447 -152 -54 637 -588 -578 -702 -353 -184 -420 -666 523 696 1225 -166 550 743 -518 785 -621 648 -285 -465 -302 -726 481 1084 -616 560 321 -317 1636 -407 1566 -637 201 -262 1086 415 445 669 -266 -263 -367 547 312 -903 609 430 -815 535 -564 581 -11 -762 -1592 2072 16 928 -854 -250 600 -346 -190 911 -517 -440 816 -817 -280 -500 528 -907 39 -282 1347 820 877 -1414 481 225 -659 -1196 -514 1066 1225 -798 666 1584 68 504 -84 -630 746 827 582 -755 522 -570 -616 
-1409 -750 904 -95 -440 209 715 245 -403 387 -754 -695 467 298 -961 -676 -566 -467 -1244 -763 -62 209 568 74 -616 -119 40 234 119 1141 -553 -572 124 -876 -899 769 99 580 -803 -1376 58 427 672 434 1266 -2 -970 -953 -1199 422 -47 -127 130 -791 243 -91 -107 727 1027 231 -975 95 -63 -136 39 -7 -749 274 -137 912 484 759 -2129 151 -518 -218 -357 428 649 -57 -800 39 496 854 -479 -748 -55 69 1498 -1095 1219 -479 -598 -354 -1163 -803 -629 28 -46 270 -523 -1043 781 -1150 -1240 -823 -862 -808 808 274 930 41 -74 -1336 665 717 393 435 585 -77 -502 -286 304 492 810 -1850 -721 -5 1306 555 
-721 7 172 -580 -256 -425 742 -1061 335 894 84 321 -1551 -504 59 -1216 -317 -1299 1823 -126 793 -96 -490 1499 -529 -796 -484 199 88 763 230 586 -1218 -298 8 119 527 -749 957 -101 -503 560 844 -1004 -282 257 -204 -36 469 -370 589 -512 -777 879 -363 -908 1167 -676 -204 1027 62 226 -831 623 147 1058 1114 -95 -158 -570 51 -503 -1090 -94 -535 -1088 -137 258 493 -744 85 388 -287 201 -412 202 1989 -823 434 706 809 -369 186 245 144 -340 299 -791 659 -290 -742 -308 -56 -398 -1111 -481 626 -227 -667 899 60 528 -508 -41 703 691 -304 -312 794 1032 -95 1157 -703 -216 30 -615 310 612 330 262 
831 -614 -199 458 -227 246 219 324 1012 -317 8 -525 -188 -275 -212 132 -104 796 -1116 -258 -1189 539 387 -271 334 -153 19 40 150 -514 492 -486 -310 243 324 464 352 -355 608 97 -542 -612 -727 1210 81 -702 1107 1317 282 -69 -166 667 -24 -303 -2017 438 -702 -360 722 -196 1195 71 742 -370 506 1025 -69 -694 26 36 -298 1049 -672 -136 112 978 -568 -754 -3 408 -153 -387 -704 -109 -336 1196 -198 561 -107 -613 179 387 -1108 617 777 296 863 -265 -202 295 -132 700 563 535 384 383 -450 1948 249 323 320 459 1197 19 -402 -1023 -61 130 161 482 584 -138 860 30 -698 -79 54 -1372 -584 -399 
532 -19 304 -889 1538 881 471 -78 392 904 105 195 12 -119 -339 271 -1740 1210 320 -1468 497 -557 96 146 24 -567 -10 -540 -604 -1474 -307 -198 178 102 -50 -1106 411 440 -26 -692 -1120 -243 129 180 -727 1495 -4 -1185 198 270 79 -724 -354 190 -406 -129 -382 -1426 -747 -292 323 755 191 503 15 410 -200 669 80 -556 75 -881 119 -266 -650 -547 -378 466 214 -565 -1099 1597 310 706 259 -945 924 -331 237 128 -364 1065 1272 331 -960 54 169 -521 740 -618 -322 593 24 -982 570 1440 796 647 588 -918 210 -37 -597 -60 -199 188 -128 915 331 -434 1192 262 -243 -593 214 -34 145 -47 -453 -507 
1297 -1028 284 -611 729 218 -370 -194 145 166 454 -254 226 246 305 522 -466 1189 225 222 97 425 383 98 -258 546 -194 440 447 -369 -490 -771 -256 504 128 -410 36 -398 -204 -158 -1 289 52 313 -590 574 1563 1571 571 -283 -1312 -260 -848 -455 358 164 -386 556 643 -261 356 -95 -79 867 530 594 527 -1346 204 1511 -284 -678 947 -444 760 -106 55 67 229 -1075 581 -1522 447 1148 -1797 -989 386 74 507 -1586 -189 -843 -151 -665 512 1179 -782 340 -208 181 763 -1280 878 974 -141 -146 -394 249 160 1344 584 -99 -362 -745 -436 -563 -750 760 -102 -811 304 293 -770 1503 -944 -600 -161 -127 -591 -1355 
1487 4 -373 -889 638 -430 -756 43 787 -546 -85 -645 -50 281 663 -72 -864 -505 -8 346 -733 1329 -732 149 844 -229 5 -134 458 -608 -507 -576 -798 786 -252 -1722 166 58 -359 -110 -853 188 990 150 -915 808 -422 398 1160 -320 -1357 -787 -1292 31 -1260 953 -1371 843 434 -1054 99 -481 173 480 -205 363 783 864 998 224 -876 -789 991 -927 599 310 -1076 -661 -417 499 -574 333 -254 -36 -466 560 743 818 219 130 -971 282 -25 103 -1068 -192 -13 -737 -640 561 169 -501 622 -1178 952 405 89 261 -601 939 596 -83 397 -735 -888 -345 121 -615 -107 612 851 -309 -774 165 -470 1261 377 -33 -191 -311 
-387 130 476 510 788 59 -232 -423 52 90 1131 295 -599 146 -43 -49 -735 1006 -59 -418 -383 -1123 -118 -748 812 -408 289 291 95 -790 -92 -293 665 -788 400 69 -761 331 529 231 60 -283 -1157 239 194 554 129 -3 -1158 -1125 -35 212 370 -246 737 -108 -118 -745 -140 -379 -206 688 771 369 39 -363 -1048 151 103 -781 526 391 656 241 220 785 -422 -191 559 -366 52 1128 -302 -90 444 279 756 -948 142 -121 -197 525 407 713 1722 -83 188 -622 190 -9 -777 823 -112 -382 171 311 -785 1 118 -1619 -807 187 -108 964 1165 804 95 302 -84 -486 32 -806 232 -1475 -400 764 130 475 -252 -255 
27 -132 -463 -463 -837 528 43 -314 -457 -565 -455 -179 -305 -2142 31 706 1063 92 -183 662 -768 951 1067 607 227 49 -669 83 1096 654 -487 -1155 63 289 -1173 152 135 29 -224 697 587 -407 339 -131 194 28 -552 259 -506 256 -479 548 -116 97 -444 356 -378 914 -311 -24 567 -1339 -66 -90 -605 -64 337 -534 558 -125 -1407 351 1428 -681 511 472 -175 -438 -721 1122 605 -344 -849 -662 640 477 -1046 184 -1098 -743 47 -795 -379 -236 -556 223 335 -39 -131 -1378 -462 -19 -397 605 -503 -1079 591 -323 69 791 -360 -237 -522 -440 -183 171 1103 -1071 -638 114 -1405 418 -22 -249 651 602 211 746 -543 91 

