53
310 -621 -579 82 -93 148 -285 -10 -216 -659 -240 184 353 -92 227 343 -132 -101 -196 -431 -186 -234 179 374 -25 -401 66 188 174 80 206 -111 -203 -110 27 88 -424 -197 -606 420 -313 -72 -411 155 -90 298 -388 -7 -100 172 286 408 -330 
-234 279 -63 -132 -667 -62 158 75 157 -115 41 384 346 -212 -5 -367 392 498 -132 -175 -347 369 156 -151 274 665 287 -145 -37 79 -325 20 283 -165 -101 -197 338 -10 368 -536 510 516 -250 -508 -335 -14 39 162 203 -99 -270 -502 -164 
-277 331 325 -256 -184 151 301 137 74 236 97 256 454 234 117 -403 747 458 212 246 110 203 280 -46 306 253 359 -40 264 -372 -99 -520 108 -157 -471 115 1010 -39 -69 -359 378 8 289 -141 192 75 263 142 780 139 154 -121 507 
-199 453 242 -209 631 -184 43 -138 -109 -49 -203 -270 57 108 174 256 66 101 -219 -171 -260 -177 85 286 715 201 -163 116 401 -775 196 -117 10 57 -126 -17 83 8 0 242 -67 -286 -103 8 259 -54 559 -444 469 598 334 509 224 
-175 -764 -155 327 -756 215 -38 166 226 -85 -182 230 -262 -380 145 51 -128 -54 191 196 256 -222 605 -93 450 -367 -265 -319 347 88 -233 -75 81 -8 338 94 312 -364 -520 128 -87 -336 -86 418 69 -221 -497 214 -161 -22 169 -366 57 
181 -545 246 -92 625 -102 -443 146 -120 -324 -325 -242 -357 9 -163 -111 -420 -98 328 254 101 -289 297 285 536 -132 -272 -449 133 -478 -108 305 -149 175 822 -722 -37 -284 23 294 -535 -229 -452 14 306 -204 -274 -72 -268 513 -80 558 -134 
331 -640 -167 14 -289 -399 -222 112 44 -478 -156 -354 279 -31 -188 -759 251 29 304 240 -122 -442 486 308 -267 -365 427 338 -231 50 -95 29 -181 144 115 -87 178 323 -66 147 -353 526 217 -226 -151 -340 -355 302 -216 56 -308 -118 -362 
369 406 451 47 130 27 149 0 -19 -81 225 -419 477 213 -186 53 227 -357 317 593 -24 -573 -53 -133 107 -453 -610 440 -24 -179 262 -564 273 72 -118 486 617 451 -56 -77 -635 -273 346 260 49 -376 219 -502 125 274 -267 48 167 
15 -345 -216 98 151 -443 -148 49 422 -224 8 -176 824 -192 204 -319 783 131 -24 471 -389 -215 141 -543 -18 -415 0 472 178 142 58 -420 29 -71 -151 -46 15 -14 -363 -109 154 211 233 149 -466 133 -174 -173 429 422 367 393 91 
270 81 148 -50 17 388 45 -174 -109 57 -19 180 337 691 6 -701 276 -351 234 465 -335 -232 -359 396 -435 -72 466 238 -473 -405 -185 -209 -549 648 -236 211 1155 562 -3 36 168 286 29 -447 190 -52 -145 374 99 -292 -481 110 79 
90 245 -321 113 -54 -219 317 102 426 309 259 34 -220 -98 69 -93 601 311 186 -123 797 159 225 19 -587 342 122 285 584 93 45 -160 331 24 -765 150 -69 -474 -277 -259 387 -656 862 373 139 58 15 260 269 -27 144 -148 350 
54 -140 581 234 -151 -483 -57 27 252 0 -297 -219 261 -248 83 -9 255 -193 51 400 -745 -171 -137 350 315 322 -253 212 412 -208 -367 54 223 316 366 -737 180 450 338 -65 161 -311 -919 -536 -246 -159 -344 -263 -66 121 -190 -234 -428 
172 -192 -580 -192 -314 -7 153 -152 107 26 216 701 -73 -383 604 -304 119 465 -97 -190 405 -29 492 -581 -641 266 456 -35 -224 391 114 -414 20 -183 -528 163 -513 -500 -506 -270 127 157 541 -356 156 345 272 570 432 187 306 -250 195 
136 -147 808 32 -418 -580 -6 354 469 -283 -256 -165 16 -686 175 -396 -90 413 -130 895 -601 7 308 -274 606 175 -1 -145 -281 -120 -87 -207 367 223 367 -295 215 127 91 -88 138 129 -226 -726 -121 -214 31 -566 28 20 640 -256 123 
289 191 472 319 -275 312 -234 328 -39 111 -77 102 -314 520 -494 296 -435 146 50 185 523 458 -552 21 -72 -260 -203 -26 192 443 206 404 226 140 145 30 209 534 529 27 -383 -150 177 18 150 67 -141 -181 -507 -522 564 -622 213 
366 -13 -54 -245 713 -103 -450 -273 282 27 -121 -344 241 123 74 110 28 -604 127 160 -67 -437 34 -892 -240 -118 -503 86 -162 -122 -135 -184 -212 775 388 -89 -23 36 -125 -81 -140 124 578 -89 -37 62 -108 600 -234 403 -786 779 -436 
423 337 -73 -114 -657 368 52 -11 -119 5 -134 483 312 463 273 395 -47 -258 92 -295 167 -29 103 -174 -65 738 -24 24 198 -13 -441 -213 -598 166 -10 -76 176 -21 -143 -228 -124 -189 -474 -186 236 90 -815 498 305 253 -307 -107 -486 
-667 -467 384 -219 -211 -492 100 -382 -243 54 73 230 300 -3 147 -462 113 -193 -159 11 -705 -212 -23 527 -156 179 542 249 -332 -326 -187 162 148 -120 -76 -101 80 321 445 -61 934 203 107 -321 -356 -249 243 -5 322 -463 205 0 -247 
255 80 -385 -839 140 79 -268 -198 -356 -631 -332 404 180 430 -88 -238 -178 -256 -364 -715 -576 -262 647 -121 491 551 319 -196 -206 288 -102 37 -338 21 389 -263 -729 -234 59 125 -273 479 -322 -477 -251 -203 -288 -96 -382 305 -551 278 -886 
342 -534 -110 154 -364 -13 20 646 0 -215 -136 -210 0 -574 -456 585 -266 -107 126 140 20 -380 291 -112 -98 -125 -602 -628 100 162 -28 427 362 -143 188 -242 -330 -557 -171 -521 -332 -188 -41 -33 245 270 -744 430 -493 81 -634 127 -701 
277 -185 -208 -488 323 813 65 92 -312 178 58 309 -309 734 14 -118 -52 -270 125 61 140 -451 5 254 -41 -348 -183 -445 529 -152 13 -121 -161 53 -147 -422 -296 -204 -320 336 -665 -320 -250 -297 585 235 -309 -311 706 967 -74 381 114 
187 104 40 -205 -110 -303 75 99 202 -784 -149 12 -98 -606 -322 -541 -467 702 325 17 314 338 330 66 527 517 -99 -367 74 -498 -121 44 407 -384 297 -104 121 -58 -262 87 -532 -33 -415 86 -161 -15 284 -11 -628 -281 -489 -82 -11 
304 -121 -283 -77 -43 -59 -81 94 -146 420 -115 -562 -186 123 -146 164 558 -135 124 -760 350 363 -300 840 -707 -110 -1 14 -80 296 -290 -123 -507 301 118 112 299 -150 253 289 178 -105 248 60 -122 453 -186 742 -27 67 -707 69 -303 
-561 -719 -350 -26 -42 361 -385 25 -91 -318 -369 -91 -153 -809 509 271 -403 227 -387 -346 -597 -111 553 -37 560 -414 48 -59 155 138 -329 179 -165 628 209 -190 -129 -66 -41 297 321 105 -736 -757 -30 -160 448 380 324 295 82 17 -180 
-284 -583 -102 -247 100 55 -256 469 151 532 154 -197 -209 -290 41 135 -93 36 17 309 366 -38 63 -326 -55 -560 -499 -528 -337 353 -583 330 -81 -145 347 -601 136 -550 38 -388 662 -211 -16 526 151 163 -707 733 74 303 -620 431 296 
-23 490 -104 -11 -51 55 0 200 321 70 -281 -69 -787 -177 -630 -494 -380 149 -295 42 170 71 -252 -771 224 584 -380 -121 382 400 -261 644 -220 101 -236 -220 -351 -486 499 -63 673 -405 53 183 15 -153 -199 -82 -529 -209 633 -431 281 
-220 -163 -65 67 406 -333 31 301 -212 552 -51 -1035 -252 -112 116 211 133 331 -212 -240 111 24 657 215 145 -576 -78 -284 -653 -330 282 464 -121 48 -230 89 -276 377 62 -61 -329 258 129 -63 605 -230 279 56 145 188 -281 160 -169 
173 -21 -184 12 -217 -125 -123 -478 -14 -484 -344 -257 581 257 -110 -170 477 -8 307 -271 24 30 47 402 367 540 -428 322 88 -267 66 -455 -458 130 -161 -142 573 347 -55 274 -664 308 -809 28 227 235 -265 390 -210 352 -380 -268 -594 
-171 415 -128 380 -246 376 121 140 107 -47 86 -128 -105 46 64 573 63 27 -332 36 44 423 -333 340 325 -188 166 538 15 212 212 -96 65 -144 422 389 343 227 199 -61 -385 726 54 105 -268 -431 469 -381 -396 -100 239 -706 -408 
-309 -196 428 245 -19 289 -9 91 -362 666 20 264 144 214 638 296 -27 -146 -159 242 639 186 412 -140 -205 -746 10 -384 310 306 189 -360 475 279 383 54 198 2 -304 -109 309 -755 825 -20 145 -60 241 -431 -7 -408 738 -314 130 
382 786 683 -354 19 -659 0 -199 -325 -515 -309 261 142 190 -230 435 -186 88 -144 -478 538 -139 -200 32 38 414 -700 -159 241 407 96 -113 465 -161 -99 -141 -314 141 743 -158 164 -519 89 178 68 380 -166 -332 -673 -295 -282 -265 -637 
269 281 -34 -2 7 -248 50 238 -312 -165 0 -186 137 226 124 -29 72 92 -326 -167 -434 -290 -138 -27 -55 130 -165 -220 -378 246 -34 0 112 -263 -10 -395 -786 -170 218 -3 637 -339 -232 667 -277 -38 -436 -817 -552 -87 441 836 -294 
545 -155 44 -464 673 767 -285 180 -550 -196 -39 -178 227 592 -117 431 220 143 232 -814 -64 197 -121 289 473 -143 110 -566 73 14 657 -270 -51 -161 -602 -102 10 -16 4 238 0 204 36 140 719 606 51 225 -183 -568 -175 602 87 
-95 -140 -107 -342 16 -315 347 -153 180 361 109 202 -323 -373 -205 -72 236 -456 -11 342 -22 -161 64 1 -697 57 367 -107 -57 706 -517 301 -251 55 -467 -952 -469 -673 86 298 654 -261 -277 -120 10 45 -567 28 -82 471 -218 15 19 
-200 43 -19 159 -319 -597 280 18 99 -47 -448 -245 -828 -132 61 -93 -33 66 -208 -318 -128 -188 -89 665 -51 -83 -404 -236 -201 -193 -107 312 329 -149 -312 46 -383 -23 54 145 173 -968 -271 -198 24 -325 -629 -447 -206 115 -444 -263 -209 
-169 193 -18 577 1143 193 378 -270 -154 180 198 -388 -116 13 236 -33 212 -178 307 191 -257 -176 -349 471 167 -241 -289 64 323 65 -15 -788 -360 306 9 67 197 316 225 -128 -485 -831 -417 280 39 -540 91 -232 -164 -166 -673 143 -297 
250 68 86 247 -954 -251 128 -421 304 366 108 332 574 -304 162 -585 -119 365 336 166 397 -24 41 -108 28 -209 76 -115 440 -319 -438 -66 -117 56 27 -135 485 653 66 104 508 61 152 -117 -459 -199 -404 329 472 -143 243 -807 -8 
400 486 -121 -112 200 393 232 305 -201 -562 101 264 588 -372 613 232 -218 292 -224 -7 -605 128 -348 -648 272 -34 273 -304 -409 -458 367 118 179 -319 -56 -43 82 324 -120 -473 -657 614 145 -256 145 577 440 -624 22 123 131 678 -425 
-243 -255 -606 469 28 -197 231 -133 -125 -493 -11 347 521 -883 564 218 -214 -384 179 387 -372 -667 154 150 -511 -93 -379 146 -633 458 -65 222 484 434 -13 61 -104 -293 -345 -242 -279 -516 -565 432 33 -45 -40 91 -14 113 -552 -152 175 
-447 424 -475 316 -371 53 -39 -369 -65 136 619 496 -172 -381 228 191 239 531 -375 -352 381 418 -602 146 7 120 16 -387 -112 -32 -323 285 419 168 151 250 167 -182 656 -295 884 -345 -326 65 -457 -210 538 -207 -159 -413 -181 1 -357 
248 -374 19 -469 -352 526 -69 347 -169 -475 -193 -95 309 386 -160 397 -564 98 -127 220 494 104 73 116 67 151 -48 -147 542 85 425 42 82 -437 -454 -612 -182 -329 -454 119 -10 55 93 19 -112 50 -418 -184 230 47 61 360 122 
395 339 539 -274 -254 -139 83 -121 -217 -363 -52 -392 -48 253 -333 353 -651 172 -59 -327 -84 -399 198 50 280 105 -487 368 88 215 319 6 179 159 349 236 -563 594 -27 346 -584 425 209 -645 435 59 711 61 393 -128 109 -356 189 
274 -408 -196 -379 -728 405 -34 418 361 -278 -205 520 -197 559 -229 292 -572 505 -94 -556 437 521 388 281 -386 280 -220 -222 126 484 141 -33 110 297 -252 486 -303 115 -86 -33 52 -151 -177 312 27 -123 -573 -15 172 -615 370 -370 -193 
367 -23 118 -27 79 -18 41 -339 528 -4 -434 -212 -623 -121 -22 -746 45 -133 -284 283 181 -97 101 -2 149 158 30 -43 19 -480 -35 207 401 485 -152 150 140 532 712 -202 367 110 241 -372 544 -47 207 663 -73 -327 57 -400 -138 
249 -405 -446 277 -493 394 -94 362 218 -3 -161 510 109 55 192 -98 -103 -52 -69 -466 -554 179 -202 235 145 -55 156 -4 133 -141 377 -259 114 241 316 215 5 230 29 -212 -510 366 234 324 -516 -130 118 219 14 -168 -263 -305 -439 
94 -347 -494 -398 -71 5 -616 -577 196 172 249 1001 -267 124 -42 -463 366 -457 -247 286 261 1 49 -440 -432 -313 -242 146 -377 456 -45 204 -184 206 698 -317 63 94 120 -67 561 335 -126 92 -308 -357 88 235 47 18 -505 -109 -198 
21 114 -195 282 -21 45 309 -330 234 -82 0 -392 -523 -647 -184 -300 75 -240 87 -71 -83 -344 -509 1147 -1216 196 -193 526 -178 -137 -47 528 -340 217 -494 266 -582 321 -73 575 -146 -155 -372 -69 -298 215 460 170 -344 -652 45 134 -422 
-569 347 -178 -522 -134 349 346 136 -403 286 -22 -183 88 241 -305 307 163 204 454 -186 267 887 -260 232 -380 -258 878 348 341 541 -296 338 -158 199 -271 -384 193 625 -175 235 31 428 -107 -488 -354 449 41 692 -123 -473 -37 -507 -311 
726 -482 -648 -337 509 242 505 -113 89 564 164 51 -30 -56 -322 38 136 70 -111 108 381 -160 -710 -94 -737 -352 -79 192 251 477 173 108 67 -107 159 -21 -723 267 -39 63 -912 -136 474 132 58 334 127 -69 -91 49 -116 -346 245 
265 445 635 -453 212 223 513 260 -212 -254 485 480 -253 446 -213 410 274 -3 81 80 226 -51 -159 132 -29 105 -96 9 82 -150 453 -118 725 -35 -343 490 -260 -28 -421 -157 -514 -888 387 85 431 76 -286 -122 108 136 -135 186 -371 
329 230 300 61 -142 -385 415 703 585 406 298 386 190 -434 302 53 569 -172 35 676 -142 -106 11 87 -43 431 -359 419 -289 945 -67 -618 811 -51 -458 59 171 -153 59 -793 148 -132 840 -210 274 144 -140 -206 -162 -164 -196 -245 318 
57 -184 63 719 471 -325 -101 262 114 -414 -249 -763 475 -530 103 719 -247 -5 -84 460 -465 -358 228 -753 497 -644 -824 -496 -313 -227 257 414 -133 472 -108 315 -36 351 -237 42 -364 -21 455 -284 -243 -295 403 -556 -93 154 393 -403 339 
-298 -309 -386 526 882 -260 -694 -110 -63 37 -419 -16 145 109 290 -571 105 422 4 -206 -2 464 139 281 417 186 -79 -262 954 -807 -439 166 87 31 393 -592 -266 -358 -567 -253 -269 -594 -61 134 75 -237 441 378 -122 95 -83 109 -439 

