49
-256 -285 -142 379 286 -65 -313 288 -77 -159 202 -433 -216 -266 -279 -336 -170 281 -183 -29 -183 -415 -60 -365 13 -6 170 -290 -181 -244 373 -502 17 52 -219 -32 63 179 -82 60 -196 60 148 281 -233 -207 -283 9 330 
289 473 -85 -177 -182 -141 124 -372 455 47 84 137 -247 373 266 116 167 -50 -540 -63 -84 303 -67 -111 -255 -580 387 97 -123 349 232 36 -259 53 -146 -19 -11 590 67 -43 181 -289 559 -126 -14 103 120 139 -425 
-441 135 257 -316 0 -514 157 -24 443 229 -503 -250 339 -257 278 -323 -233 47 -127 271 167 452 111 238 -112 973 -67 256 -5 -308 -274 -163 216 -198 136 -247 -335 -300 -40 129 41 287 -257 -141 209 34 -14 -80 -137 
192 -121 468 -715 185 44 301 262 -184 -98 -213 231 377 79 -277 -357 -528 -28 -1 169 24 -128 56 77 -196 368 175 -156 -87 -170 -325 655 -428 -95 123 193 -177 -395 -226 76 -53 267 267 9 -71 385 -463 -414 58 
-184 9 177 -609 6 77 -162 103 114 204 -5 145 48 119 396 -300 304 -364 153 281 135 -315 -478 121 -739 722 -319 -239 209 -346 -365 669 85 -161 57 -281 107 -495 333 299 156 273 -246 -453 62 185 -235 -131 154 
-18 -75 -412 204 42 266 -370 -188 209 129 -313 -220 -249 -24 390 -651 -36 303 206 338 593 435 -358 -199 178 454 -588 -164 77 -430 -69 -25 599 -80 -166 -654 -372 17 35 243 -181 -196 -117 -396 98 -287 141 273 -519 
86 -196 311 -61 -89 144 329 19 245 -100 -469 102 -87 243 154 -506 -454 360 372 -67 370 261 247 686 298 213 -865 -178 -24 -242 -354 435 -58 -148 237 -331 -169 349 131 337 -22 358 -147 -59 231 505 145 -584 -103 
-426 62 -328 26 -86 -166 300 -86 -90 -147 -304 -142 785 61 -21 597 225 -286 679 -82 -8 423 -327 27 623 399 428 254 223 248 -451 -93 313 -310 104 141 175 -524 122 127 253 -519 -219 -272 19 -187 71 -16 318 
106 -375 741 32 37 -70 -236 181 32 -284 23 436 -417 14 53 220 333 -209 -454 167 -3 -500 252 -68 71 -591 240 63 -760 100 796 -67 -627 90 30 380 13 399 -41 -338 -120 231 150 264 -79 252 105 21 75 
-344 8 -456 -125 336 88 40 599 -56 76 -178 -472 93 -202 -779 92 -617 655 -22 -366 -208 190 164 201 405 -319 677 -247 -178 -301 -151 201 124 -3 356 -190 -309 265 132 119 -170 -278 143 205 -293 16 42 -603 377 
-171 114 676 -520 -436 291 192 -349 156 -140 1009 496 -64 118 431 432 322 -776 -294 112 -77 -292 -72 -48 -451 -780 -188 350 -413 129 551 98 -18 -192 -139 191 267 -78 160 206 233 30 -65 -261 -49 267 342 185 -208 
74 -426 439 556 -47 226 -52 -169 217 -397 886 445 -380 52 156 -302 -228 -92 -305 -144 -25 -757 -62 148 -517 -509 -428 42 -417 52 1002 210 -289 266 198 264 353 -457 236 41 -131 -92 -46 100 12 43 -351 -384 64 
-190 -336 -87 -166 -403 -225 190 -127 89 116 273 -403 374 598 16 475 552 33 -156 -125 -672 228 138 130 555 -483 -193 284 -169 556 88 -468 511 -62 -12 -143 167 416 -314 239 548 -107 -286 186 -131 100 376 -79 16 
697 -619 -383 -411 -219 105 -174 -120 -216 -462 -387 308 -328 188 -181 -427 827 -276 298 323 307 -469 -203 140 -15 36 -688 -555 -38 356 -284 368 -237 -385 -319 38 -57 14 -545 -34 175 27 363 -111 -183 225 -183 -278 -97 
-492 74 563 303 186 456 532 -571 207 -449 -387 24 171 21 10 -124 -270 192 19 -196 572 475 -427 -306 147 -268 359 -170 -402 134 421 -164 -297 -85 92 -297 174 314 388 404 -84 -445 55 -337 66 -76 -25 222 -605 
491 -107 -466 -368 199 -195 109 42 -89 45 -121 489 210 -222 -280 -511 -234 -296 -548 -99 -237 290 -101 201 176 684 -188 214 228 402 -113 145 74 96 -236 -135 -279 -549 -680 -415 210 170 101 125 388 60 -126 -510 -292 
620 211 -4 -158 -299 -379 -549 -770 167 145 -162 115 -405 424 243 -355 509 504 -192 688 27 68 -18 116 -36 102 -268 -89 -375 371 -44 83 -260 131 283 -14 -203 -144 -531 -463 -406 -306 476 -588 73 -52 2 345 -623 
449 -167 -342 -199 5 928 496 -607 -108 -205 460 -61 183 542 -571 -742 94 299 -146 -381 -479 182 -425 -470 44 -562 14 -282 -191 581 164 -28 -120 -105 -248 120 -2 119 -68 137 -164 -520 406 -559 227 -76 -596 -238 -40 
448 -188 -630 268 -17 665 257 -19 -261 -214 -66 -561 337 77 -421 -23 367 -39 12 -34 -136 -420 85 -143 -462 -287 -103 17 9 4 45 -580 -253 -280 -444 -47 -175 -464 -404 -36 284 206 -23 93 -80 -462 -397 222 -61 
-46 -107 -228 -530 407 -552 -9 378 -80 519 -378 -480 176 296 276 -671 50 8 86 495 118 110 -184 -228 -105 372 133 -254 457 -732 -544 286 493 356 -190 133 -305 148 -633 270 0 -351 284 156 -570 102 -393 -536 -30 
116 475 569 -101 245 126 -401 -94 -144 223 -487 336 33 -527 226 -139 330 -178 -121 -219 43 423 -168 -39 154 78 349 461 45 -4 -207 -394 -274 380 -122 95 -674 12 -299 -298 -778 178 -474 -266 636 167 289 238 -325 
-226 -160 -120 -141 -420 -253 296 -202 -387 431 604 151 -411 -316 20 660 303 -70 2 -277 168 -29 526 474 204 -315 -1009 492 97 93 136 209 585 8 431 -80 429 -29 198 76 191 520 -46 682 -39 261 287 128 172 
-218 148 641 41 285 745 -280 76 -390 -81 103 -45 211 -160 -258 -7 216 -115 425 -29 -110 -467 -485 -387 -393 -261 373 -356 -207 -421 -312 -129 126 235 48 537 551 -40 281 -301 -196 -424 -25 -433 -57 -614 144 60 669 
158 -465 87 248 -256 -258 157 191 282 32 -50 -294 345 204 15 270 640 51 77 325 -139 17 461 -309 418 287 639 53 -79 -350 189 -637 -60 -18 -275 567 -259 -123 -800 -286 -530 -157 -237 -59 -497 -476 45 -136 56 
-287 -123 -504 -460 223 -619 244 38 66 72 -619 -177 -209 -255 -617 -37 172 -37 -262 132 -172 143 -465 298 47 52 439 -629 -160 262 240 -18 -344 -263 -84 -237 -216 690 432 -244 -59 -383 308 306 257 633 -253 -263 258 
357 332 -663 -260 366 7 45 4 -455 177 -196 225 60 -218 -76 -394 -131 -115 128 -124 249 525 -757 321 -138 21 559 -345 345 86 -704 654 64 -196 -389 -491 -366 172 193 52 -606 -664 83 -324 -197 364 -9 -154 207 
-752 -409 130 63 -97 -138 339 161 495 -593 -6 -551 383 -211 139 -9 -588 130 -242 -401 344 -41 75 -124 157 167 39 152 28 -184 -189 -234 -476 313 -572 -554 -1 -70 -204 961 224 653 309 255 -348 372 -198 -342 119 
384 56 -667 582 -127 261 -507 -32 -373 -245 76 148 -239 -433 258 -128 -460 47 106 151 234 -297 294 -278 298 521 -560 367 433 3 -134 -595 124 549 -296 -331 166 -615 -583 -628 -9 -208 -103 -618 393 -451 -91 62 -203 
121 -151 -253 225 543 445 353 223 109 243 303 60 -299 744 -695 160 -11 558 -470 -146 -263 -344 -344 146 -558 -218 778 -497 39 -52 254 -35 -813 879 210 435 407 -15 145 -521 -315 39 301 -172 104 -312 -41 137 38 
160 440 -89 141 120 438 546 -266 204 168 -665 -503 -35 466 322 -187 243 -201 133 -225 408 437 169 -50 -441 495 -605 408 497 -150 -558 -168 -108 269 -566 257 433 247 478 -71 391 786 -190 -215 47 -97 676 598 112 
-178 -314 -209 34 -89 -1304 -67 -193 100 233 -412 -116 -192 154 -73 -448 256 33 679 412 -64 -216 293 50 44 852 -712 328 203 169 127 -821 448 -74 356 383 -13 -322 -259 -794 -41 -109 -586 -296 327 131 200 -64 -419 
-222 478 -387 -272 -92 -251 32 7 320 -65 288 211 -215 -205 -35 -414 -486 -305 -897 11 -418 -465 -434 285 -348 483 801 63 -172 -271 421 -586 -86 -228 135 -193 43 -512 340 134 -106 274 651 126 262 4 -713 -128 248 
173 -395 -413 410 2 453 160 128 107 187 -140 -688 -222 161 -48 130 -150 271 -432 -34 -437 646 197 -297 -81 -467 -206 -483 16 568 -96 -657 -480 124 -601 -121 -448 722 -576 265 482 183 -177 512 84 -19 100 57 -528 
-144 -321 -45 489 229 -460 -578 -449 -335 -506 198 -49 -308 -419 -263 -885 326 4 -408 40 -244 -329 -492 740 -196 746 -481 -110 577 402 196 -653 315 157 277 -185 168 -456 -216 -167 153 75 -1030 45 -1 192 224 386 -236 
575 67 -188 -822 -212 -92 49 555 111 26 -126 292 -514 -545 -276 -92 -319 253 183 -44 541 447 371 10 -725 756 299 -260 268 -159 -92 338 -256 -114 419 130 -176 -529 242 -487 -92 154 -61 228 -232 -33 -118 -138 -407 
-56 496 -191 -2 546 408 -89 494 -61 401 9 154 27 -114 -72 -98 -391 440 454 -295 322 -709 316 402 -323 193 -158 -575 399 -440 -275 292 -195 54 569 -235 290 208 -505 163 -201 271 228 -536 187 39 197 -332 -134 
-317 -273 562 194 84 -50 -413 245 10 -578 -256 255 25 -295 -35 75 -658 -95 58 507 -74 189 104 -386 4 135 914 216 -194 -205 -208 555 -4 54 -105 -300 -290 128 172 33 -192 -331 3 7 86 188 -50 -66 78 
-170 -183 355 129 -73 291 -132 3 501 -461 -404 -413 8 -376 276 -445 -220 330 375 142 112 261 565 -697 -467 301 -494 252 -805 183 82 -91 -373 240 101 -98 -289 -98 422 552 -71 36 -485 -258 96 260 -314 190 -112 
-111 -394 529 -396 35 -665 -145 -170 346 58 324 -8 -127 -199 127 -147 466 262 69 8 -380 -446 605 -348 -33 -367 259 338 -177 573 -188 -461 -417 674 -25 250 237 162 -755 -165 -98 106 93 87 394 -315 -130 17 -192 
131 123 -590 -6 391 245 244 -156 39 -53 -235 248 591 400 -474 -277 216 -211 -372 -122 130 487 -518 -277 356 -81 373 -187 -686 561 527 188 -119 -8 7 -86 -149 119 192 -673 14 -623 176 152 -116 -153 -347 341 147 
151 457 611 -456 -574 177 183 -357 -262 -106 -569 -266 139 622 768 152 150 -431 444 110 189 -59 -548 -524 -60 -530 -65 -149 -183 -48 151 144 -160 -174 -376 113 -3 466 10 -103 -546 -55 408 -481 -86 465 -262 351 -598 
308 47 -64 -45 -227 111 -261 82 643 -577 -453 52 171 -121 -56 -23 -519 -19 -550 172 236 -299 -151 -616 -391 -186 68 2 -132 328 621 -291 36 85 -456 -273 -23 -732 -314 429 510 -409 223 -243 -356 -247 227 317 -201 
-676 -274 279 412 163 -342 -425 -280 392 -22 291 -502 -40 87 -20 -454 125 410 667 -153 -54 0 -570 63 473 535 -156 459 87 -45 -735 -490 542 271 576 -320 49 -37 280 344 100 131 90 43 253 -185 -388 226 114 
-415 -200 77 -743 46 -346 -894 826 327 -310 -304 -28 62 111 -369 415 398 -74 -190 372 -571 -94 -75 -76 -71 585 557 127 158 -254 38 157 -287 -180 285 27 77 -600 -9 -132 -208 -197 -663 -373 61 360 -39 369 326 
-658 244 95 -476 530 515 250 -166 -724 -193 640 8 -34 -406 -38 472 387 192 107 -56 94 -14 421 291 -152 12 586 -464 -63 -76 -596 508 -382 126 150 18 21 109 321 71 -63 467 282 -188 -267 392 -206 293 369 
514 143 -354 529 -435 179 -718 191 147 -88 628 -422 -95 116 283 318 -364 122 -56 -108 -443 -316 -543 -304 -121 -53 451 -167 -40 -124 2 173 287 607 -312 -189 295 -282 -301 748 115 60 585 -249 -289 -559 -429 183 125 
-76 -414 429 242 -183 34 574 333 -423 -3 -334 -109 232 -22 -135 508 87 -128 84 -60 374 -206 15 335 69 279 424 -821 -194 -22 -282 163 -293 -203 52 394 658 -35 240 269 114 758 70 366 -23 145 422 -65 702 
-136 1062 355 198 -29 -586 201 -458 497 218 -764 -8 289 -424 119 271 530 -533 -40 48 -40 27 -330 -3 -805 502 222 -213 -87 653 -81 -330 -924 76 -224 53 58 -146 -325 88 554 -386 613 -499 96 -222 150 135 25 
-130 337 115 -713 83 -416 -128 200 104 -325 354 -374 879 -186 -261 352 -715 -298 387 38 -8 89 597 -350 -609 523 -139 278 112 -44 -468 -1034 96 -153 -191 341 -176 -289 -56 199 159 -23 -56 -310 350 -107 -34 605 197 

