49
-101 513 232 379 215 -107 39 -27 -577 90 118 -246 221 253 209 20 366 70 -166 -138 -70 9 208 198 26 -182 511 32 -236 437 245 395 32 -332 -56 -69 -472 476 7 -252 -218 172 99 145 144 303 378 -402 -208 
-314 -254 137 192 76 -11 251 552 -242 -259 -502 -500 205 -29 331 -24 108 90 -324 -13 113 212 248 282 -218 239 -80 613 -242 224 133 735 294 -64 193 -197 -216 -47 345 -143 119 68 -163 -113 87 261 481 267 86 
378 -170 -225 -161 -9 49 -166 -221 -355 167 132 191 -413 102 -380 -465 -446 -54 240 -307 41 -102 -347 428 -72 -216 -146 25 336 -937 -203 -352 -404 162 -1 320 77 164 -128 124 99 121 -102 111 211 -33 -111 626 24 
-180 85 132 506 214 220 -145 -183 -317 -65 255 -181 138 458 149 -613 -226 76 -29 -226 -6 -504 95 -254 98 -547 507 -273 -74 -335 -351 -412 127 313 175 242 -113 39 -411 -413 -368 544 -112 -418 176 41 254 -22 -207 
-347 -514 96 -329 -88 -138 667 -54 -53 -215 -360 215 5 213 81 303 117 -524 20 372 35 413 -6 261 -124 377 -555 101 -14 -109 207 -130 -622 -293 111 -246 60 -705 -17 -36 -177 -345 279 87 -476 200 -109 362 183 
313 591 32 276 -31 -119 50 4 272 1 -165 460 147 -216 654 293 155 149 -394 -235 -181 -109 515 157 234 191 -203 385 -89 310 -370 269 -150 192 -242 74 -308 -85 333 -28 400 -33 189 128 -66 -288 177 -678 174 
177 133 -329 -861 229 -345 -285 110 148 372 402 -27 -444 -183 -541 412 -469 -260 227 -131 -80 343 -181 -742 -116 356 -143 -349 173 11 -21 -140 115 15 74 355 226 68 -230 344 -256 180 59 -40 -86 -566 -312 206 -699 
-1 616 -93 135 167 183 310 703 111 -41 68 -39 -34 -474 117 107 430 435 112 261 296 325 -59 114 506 -41 -11 254 218 40 701 -196 131 55 -202 -490 89 272 559 -178 112 -276 -45 72 40 -74 250 -213 -21 
227 97 539 184 59 -454 -115 -329 -419 490 280 -295 75 323 -131 -145 52 -428 527 -368 226 173 19 -69 -392 243 393 -942 -75 94 -24 153 492 -484 512 419 -318 80 -280 204 -561 245 -103 231 -27 -176 159 -413 -198 
4 -320 184 288 -585 -48 -108 -104 805 -562 -494 253 537 -133 540 118 299 -310 -264 -22 -68 222 200 650 -581 345 -230 31 -88 412 149 14 -44 288 -154 -199 -366 -485 -29 57 79 -467 -583 -34 -534 -71 395 -244 634 
-253 153 313 -3 -609 384 -28 -912 179 -94 306 814 -251 334 -190 245 137 -435 283 -64 -36 -434 0 326 -459 -93 -99 19 -25 265 79 -130 -477 343 -367 -24 -352 -89 -49 -309 -295 -698 -19 84 -234 186 -65 -145 -59 
703 498 154 344 436 -858 -86 -188 -578 17 -325 -425 -126 -453 383 -134 -212 -446 -227 -109 -75 458 -48 520 -92 90 371 371 94 -99 -155 -330 -242 -224 -63 217 -586 -19 -183 -370 45 346 -305 -115 -65 -363 267 -173 -316 
95 -401 278 228 309 -56 226 -2 294 -260 -131 -414 -520 -4 -82 -506 2 -75 394 622 57 -278 -506 -553 624 5 51 -329 -249 -119 141 -570 -261 -190 776 -123 307 -632 -357 -186 -398 -18 371 -172 117 -425 -299 67 -212 
442 186 -156 735 430 -250 -85 164 -301 -435 -380 -658 -90 772 810 -66 -182 -167 -261 74 -292 -111 295 561 600 -127 475 460 -284 -38 -120 -37 -522 215 259 221 -98 -318 -42 -421 191 523 -187 -137 213 -55 157 212 -280 
-233 249 -151 -559 -9 83 389 -138 -88 -152 -151 -50 -78 321 101 771 -324 -319 624 99 263 577 331 -97 -24 51 -245 198 -298 -139 -463 -3 220 281 181 -151 186 -270 322 132 161 47 314 -70 -171 15 -294 -504 127 
28 97 -632 -415 36 174 -764 522 277 -174 141 -323 138 634 -273 -333 -312 42 -165 -97 428 -117 8 -406 286 -412 367 -123 -229 -3 330 -347 179 31 -108 3 402 483 -184 355 -435 91 -552 -384 124 -144 -127 -392 -127 
294 190 -21 -258 91 -291 -79 -218 77 73 184 513 -32 -839 126 662 -8 248 387 241 9 199 -358 151 -354 -75 64 39 465 230 213 -716 330 83 -267 232 -82 -117 145 -138 -114 -358 387 457 -506 -455 -584 185 243 
396 -423 70 -324 -57 131 -545 326 -154 412 -205 165 -508 -187 -686 -449 -219 -273 43 215 111 75 98 -363 -376 380 31 34 64 -313 164 457 92 39 -53 279 178 254 204 270 474 -695 -580 -206 583 363 -220 368 -425 
122 -221 -182 -318 121 -69 -259 315 -88 289 134 197 187 153 -267 -61 487 -334 -87 191 109 220 -44 27 -252 381 -251 -609 -287 286 598 -648 294 -231 383 209 -247 -407 -37 68 -605 -655 184 478 -318 -392 122 261 -400 
333 579 -882 190 244 70 273 -182 -473 83 -3 -216 -330 31 -118 -139 141 306 -280 -122 -100 -110 15 483 230 -511 190 637 -38 235 -225 -311 22 -19 -403 302 -12 272 148 -528 74 412 665 -31 274 -235 85 -80 228 
-121 21 -43 100 -11 -112 73 455 340 -17 -409 -719 74 646 204 -165 581 -416 -72 312 129 775 408 468 -136 37 9 -263 -678 143 752 -102 -74 -685 367 -581 165 55 57 -64 400 -531 164 128 111 378 358 -2 223 
-303 -81 -728 457 -18 139 192 246 -830 -686 7 -519 -68 -207 249 217 -37 107 130 -10 -222 321 -153 614 -149 -295 220 271 367 86 260 -388 -124 417 -119 -47 -374 -19 -127 -625 -57 386 -58 -494 -302 -85 -58 219 255 
132 -97 -147 161 -97 -129 -418 -269 -448 -237 247 -351 -46 439 -63 -24 -199 138 -84 92 -234 -377 -11 -217 605 -314 487 5 45 451 172 -138 -561 -460 302 -372 -166 328 -357 -175 31 917 -361 -87 -240 11 -145 -72 -522 
-238 716 124 466 44 47 288 283 102 -378 -174 -435 272 -1149 536 381 -466 423 -120 -201 184 350 1 600 5 -134 293 194 -171 159 201 222 654 -82 -376 -621 -223 349 -160 -425 -54 199 -339 -327 -240 -28 118 -614 371 
341 171 -28 -501 290 -217 393 297 -852 269 -580 -40 -286 -445 -54 -581 119 -96 -158 -417 729 500 73 -47 139 52 -2 675 120 -544 -426 -94 478 207 -51 445 -93 -795 679 30 -245 261 205 -386 -83 -419 198 27 137 
-364 -81 369 -71 -105 78 497 -149 34 44 98 -202 224 275 697 272 -347 -593 -27 -42 177 195 621 86 42 49 -145 -273 -600 -301 -782 275 279 453 107 -373 120 -1003 167 -84 501 -439 429 -737 -287 415 141 -294 -197 
814 228 -480 251 -110 -329 -64 -164 -328 -122 -236 -432 -234 -143 146 -350 -105 -406 -458 -199 -48 515 -210 651 21 3 20 -47 318 215 -682 274 172 -17 -390 -24 -202 -73 122 469 360 -224 -355 143 -88 174 33 -714 215 
-349 -273 -49 -186 9 135 -341 -81 181 -195 20 -418 85 119 55 532 -39 324 -30 31 65 -272 -196 117 -456 185 -760 256 -397 -162 -94 -79 293 454 -28 69 304 211 573 391 560 -402 -66 -278 187 -82 -2 -336 41 
6 132 501 -211 237 -478 495 -250 -229 -56 204 49 -69 -18 -2 365 322 -308 -412 61 -203 172 -261 104 -381 405 47 -114 489 572 -431 560 -428 82 -281 -4 26 12 18 70 -1 574 38 139 -348 -34 567 -766 -86 
-316 21 414 -195 241 491 -165 -98 -9 227 -49 52 179 -632 -297 -100 -114 321 -548 614 -97 -32 -458 44 -663 327 -181 174 -100 -153 268 70 147 -15 83 -151 12 313 243 -696 299 -157 -549 201 720 188 201 799 -621 
253 -13 -335 -291 -311 -268 34 135 230 91 -83 2 -89 -11 385 899 -338 -298 312 149 148 213 311 -26 357 732 -578 112 -205 264 565 -623 -309 7 2 -396 164 -430 -559 30 -231 154 154 -281 -661 -266 66 -42 -289 
231 332 192 249 -458 208 -298 -503 647 707 46 192 -349 -303 383 665 -617 -95 104 35 45 237 -363 -160 166 215 -95 -493 511 -30 39 162 5 -343 -234 -11 365 9 -6 127 962 17 -281 365 -118 484 -835 -156 -106 
214 93 -651 -326 355 -268 -63 -260 532 -188 -478 -123 -463 -215 25 222 -3 -188 -216 -266 -273 781 -251 403 -436 -138 -173 320 -207 -75 -248 333 373 -228 231 44 -444 -507 -83 69 523 78 207 546 182 -251 -435 566 235 
-357 -219 -340 263 -211 78 260 -144 -72 -322 -54 -287 279 40 -134 94 -49 -224 24 328 -462 490 223 -330 92 111 75 50 386 111 -366 146 -215 -549 650 -146 -263 231 -24 -263 -328 389 -22 -390 -23 107 -42 101 -468 
-46 25 121 43 354 -506 -541 683 357 -267 46 -450 -303 -82 268 -41 -21 -500 279 -563 -375 328 -463 77 6 -96 1 -264 351 102 -33 -273 50 68 606 106 -156 -30 -437 -62 -87 608 -348 -107 -127 -333 -234 138 -343 
60 525 -278 268 220 -552 209 620 387 -290 -390 403 -316 -177 181 572 586 -429 -4 -53 -194 140 388 -74 367 569 -73 197 -3 355 230 -64 -666 -370 -300 108 -227 396 -308 -180 231 -478 -95 -529 305 -397 -233 -310 -186 
-239 -233 179 26 -90 267 -132 134 75 133 -85 305 -261 28 -212 -208 -650 -148 -639 -368 -467 -230 -460 110 -52 240 -852 -311 103 -294 -419 182 -403 -348 -94 457 169 -5 -148 -146 346 378 173 51 558 -372 50 399 -408 
-18 -66 -269 -519 -302 30 -380 189 143 137 260 -238 -490 -3 176 668 -306 -235 512 -370 415 507 124 123 -539 -186 66 -110 917 -398 -138 -53 -60 455 372 129 -146 42 319 322 205 -520 3 408 -165 -21 -206 38 147 
59 776 482 -433 38 211 203 29 478 -361 573 741 282 -131 32 528 21 251 100 -170 -93 -141 -235 -391 -541 282 -460 -623 707 -24 -553 214 833 645 162 118 -111 125 113 344 -520 294 -20 110 -123 -521 -227 -367 -253 
-41 -451 57 388 352 -92 65 -216 43 262 167 217 -444 -823 -350 -602 -179 -70 -23 -34 -363 -8 -421 -85 142 48 298 252 -342 43 -331 144 404 -18 422 728 -352 104 -183 -103 -228 -5 250 -249 454 76 -491 523 -187 
-535 -109 -124 291 -35 -223 235 -664 -385 153 -111 203 -330 188 513 -286 -492 -95 -143 -316 -248 -568 56 152 309 -383 -190 -624 54 -250 -399 79 -563 -308 -62 -287 -29 131 -708 -197 75 -41 287 59 35 655 -2 178 388 
-49 -119 96 145 6 129 97 110 640 176 -464 83 -179 50 381 -344 201 263 246 9 1023 -175 313 -586 595 -469 251 341 -215 -462 -252 87 37 595 315 -383 13 2 402 -406 343 -358 484 -595 356 -182 470 -723 -4 
658 297 172 -64 14 171 -133 -214 -230 -159 212 441 172 -401 -211 45 -603 -298 301 167 326 470 -161 56 -31 -237 129 -311 499 -230 191 -719 -478 -253 -16 255 -340 -421 -9 -94 220 -249 -241 -413 -530 -407 -62 -302 91 
-59 -186 -77 -359 -178 -141 121 -143 -183 40 -123 -80 -133 -392 172 532 45 -96 -797 -56 -235 80 107 -170 791 428 363 -50 -218 188 455 11 -697 -137 -432 -263 347 30 -198 -81 -66 -245 -272 -359 115 -185 -375 -494 -255 
-421 408 253 337 -166 162 -44 83 609 -302 199 1 -1051 -163 167 -149 -71 -193 -215 -78 236 -390 277 -366 878 -225 24 170 -325 -653 -545 -241 483 49 -9 -490 716 -302 260 -361 105 -154 -170 -297 -148 -407 -491 -645 454 
-28 -3 -96 463 108 294 28 245 -969 242 467 -172 -250 -184 4 185 -135 147 -102 0 148 -743 -119 321 508 -14 421 -49 624 -238 -270 -309 639 449 -325 -325 219 506 281 -40 7 202 478 242 170 -332 -381 717 -346 
62 733 -382 -187 753 331 426 370 305 122 887 111 -501 -115 -167 107 176 287 186 36 -41 169 -174 -270 -308 -39 64 -645 -263 390 287 380 -133 -209 19 368 642 642 -30 292 381 -232 634 356 298 107 97 -344 -504 
-345 301 -143 -112 192 -20 147 -406 -423 -189 357 111 507 326 7 429 147 -290 269 54 146 178 85 -98 59 -71 39 -261 518 216 135 -360 743 -354 266 252 -309 11 -343 -490 -961 -78 -30 569 -166 645 294 123 -441 
-320 -301 -63 -289 -449 511 184 -1170 593 -109 -192 -28 -918 -325 -197 -165 -90 -208 413 400 -41 -120 -263 65 -110 -240 -472 210 -182 452 50 -146 -409 -115 -13 -172 -54 -628 -765 48 213 -34 -71 -69 16 302 -196 -264 -87 

